# list of bead properties for region chr2:103000000-108000000
# bead id, bp midpoint, ATAC, K27ac
1 103000500 0 0
2 103001500 0 0
3 103002500 0 0
4 103003500 0 0
5 103004500 0 0
6 103005500 0 0
7 103006500 0 0
8 103007500 0 0
9 103008500 0 1
10 103009500 0 1
11 103010500 0 0
12 103011500 0 0
13 103012500 0 1
14 103013500 0 1
15 103014500 0 1
16 103015500 0 1
17 103016500 0 1
18 103017500 0 1
19 103018500 0 1
20 103019500 0 1
21 103020500 0 1
22 103021500 0 1
23 103022500 0 1
24 103023500 0 1
25 103024500 0 1
26 103025500 0 0
27 103026500 0 1
28 103027500 0 1
29 103028500 0 0
30 103029500 0 0
31 103030500 0 0
32 103031500 0 0
33 103032500 0 0
34 103033500 0 0
35 103034500 0 0
36 103035500 0 0
37 103036500 0 1
38 103037500 0 0
39 103038500 0 0
40 103039500 0 0
41 103040500 0 1
42 103041500 0 1
43 103042500 0 0
44 103043500 0 1
45 103044500 0 1
46 103045500 0 1
47 103046500 0 1
48 103047500 0 1
49 103048500 0 1
50 103049500 0 1
51 103050500 0 1
52 103051500 0 1
53 103052500 0 0
54 103053500 0 0
55 103054500 0 1
56 103055500 0 1
57 103056500 0 1
58 103057500 0 1
59 103058500 0 1
60 103059500 0 1
61 103060500 0 1
62 103061500 0 1
63 103062500 0 1
64 103063500 0 0
65 103064500 0 0
66 103065500 0 0
67 103066500 0 0
68 103067500 0 0
69 103068500 0 0
70 103069500 0 0
71 103070500 0 1
72 103071500 0 0
73 103072500 0 0
74 103073500 0 0
75 103074500 0 0
76 103075500 0 0
77 103076500 0 0
78 103077500 0 0
79 103078500 0 1
80 103079500 1 1
81 103080500 0 1
82 103081500 0 1
83 103082500 0 1
84 103083500 0 0
85 103084500 0 1
86 103085500 0 1
87 103086500 0 1
88 103087500 0 1
89 103088500 0 1
90 103089500 0 1
91 103090500 0 1
92 103091500 0 1
93 103092500 0 1
94 103093500 0 1
95 103094500 0 0
96 103095500 0 0
97 103096500 0 1
98 103097500 0 1
99 103098500 0 1
100 103099500 0 1
101 103100500 0 1
102 103101500 0 1
103 103102500 0 1
104 103103500 0 1
105 103104500 0 1
106 103105500 0 1
107 103106500 0 0
108 103107500 0 1
109 103108500 0 0
110 103109500 0 0
111 103110500 0 1
112 103111500 0 1
113 103112500 0 1
114 103113500 0 1
115 103114500 0 1
116 103115500 0 1
117 103116500 0 1
118 103117500 0 1
119 103118500 0 1
120 103119500 0 1
121 103120500 0 1
122 103121500 0 1
123 103122500 0 1
124 103123500 0 1
125 103124500 0 1
126 103125500 1 1
127 103126500 0 1
128 103127500 0 1
129 103128500 0 1
130 103129500 0 1
131 103130500 0 1
132 103131500 0 1
133 103132500 0 0
134 103133500 0 1
135 103134500 0 1
136 103135500 0 1
137 103136500 0 1
138 103137500 0 1
139 103138500 0 1
140 103139500 0 1
141 103140500 0 1
142 103141500 0 1
143 103142500 0 1
144 103143500 0 1
145 103144500 0 1
146 103145500 0 1
147 103146500 0 1
148 103147500 1 1
149 103148500 0 1
150 103149500 0 1
151 103150500 0 1
152 103151500 0 1
153 103152500 0 1
154 103153500 0 1
155 103154500 0 1
156 103155500 0 1
157 103156500 0 1
158 103157500 0 1
159 103158500 0 1
160 103159500 0 1
161 103160500 0 1
162 103161500 0 1
163 103162500 0 1
164 103163500 0 1
165 103164500 0 1
166 103165500 0 1
167 103166500 0 1
168 103167500 0 1
169 103168500 0 1
170 103169500 0 1
171 103170500 0 1
172 103171500 0 1
173 103172500 0 1
174 103173500 0 1
175 103174500 0 1
176 103175500 0 1
177 103176500 0 1
178 103177500 1 1
179 103178500 0 1
180 103179500 0 1
181 103180500 0 1
182 103181500 0 1
183 103182500 0 1
184 103183500 0 1
185 103184500 0 1
186 103185500 0 1
187 103186500 0 1
188 103187500 0 1
189 103188500 1 1
190 103189500 0 1
191 103190500 0 0
192 103191500 0 0
193 103192500 0 0
194 103193500 0 0
195 103194500 0 0
196 103195500 0 0
197 103196500 0 0
198 103197500 0 0
199 103198500 0 0
200 103199500 0 0
201 103200500 0 0
202 103201500 0 0
203 103202500 0 0
204 103203500 0 0
205 103204500 0 0
206 103205500 0 0
207 103206500 0 0
208 103207500 0 0
209 103208500 0 0
210 103209500 0 0
211 103210500 0 0
212 103211500 0 0
213 103212500 0 0
214 103213500 0 0
215 103214500 0 0
216 103215500 0 0
217 103216500 0 0
218 103217500 0 0
219 103218500 0 0
220 103219500 0 0
221 103220500 0 0
222 103221500 0 0
223 103222500 0 0
224 103223500 0 0
225 103224500 0 0
226 103225500 0 0
227 103226500 0 0
228 103227500 0 0
229 103228500 0 0
230 103229500 0 0
231 103230500 0 0
232 103231500 0 0
233 103232500 0 0
234 103233500 0 0
235 103234500 0 0
236 103235500 0 0
237 103236500 0 0
238 103237500 0 0
239 103238500 0 0
240 103239500 0 0
241 103240500 0 0
242 103241500 0 0
243 103242500 0 0
244 103243500 0 0
245 103244500 0 0
246 103245500 0 0
247 103246500 0 0
248 103247500 0 0
249 103248500 0 0
250 103249500 0 0
251 103250500 0 0
252 103251500 0 0
253 103252500 0 0
254 103253500 0 0
255 103254500 0 0
256 103255500 0 0
257 103256500 0 0
258 103257500 0 0
259 103258500 0 0
260 103259500 0 0
261 103260500 0 0
262 103261500 0 0
263 103262500 0 0
264 103263500 0 0
265 103264500 0 0
266 103265500 0 0
267 103266500 0 0
268 103267500 0 0
269 103268500 0 0
270 103269500 0 0
271 103270500 0 0
272 103271500 0 0
273 103272500 0 0
274 103273500 0 0
275 103274500 0 0
276 103275500 0 0
277 103276500 0 0
278 103277500 0 0
279 103278500 0 0
280 103279500 0 0
281 103280500 0 0
282 103281500 0 0
283 103282500 0 0
284 103283500 0 0
285 103284500 0 0
286 103285500 0 0
287 103286500 0 0
288 103287500 0 0
289 103288500 0 0
290 103289500 0 0
291 103290500 0 0
292 103291500 0 0
293 103292500 0 0
294 103293500 0 0
295 103294500 0 0
296 103295500 0 0
297 103296500 0 0
298 103297500 1 0
299 103298500 0 0
300 103299500 0 0
301 103300500 0 0
302 103301500 0 0
303 103302500 0 0
304 103303500 0 0
305 103304500 0 0
306 103305500 0 0
307 103306500 0 0
308 103307500 0 0
309 103308500 0 0
310 103309500 0 0
311 103310500 0 0
312 103311500 0 0
313 103312500 0 0
314 103313500 0 0
315 103314500 0 0
316 103315500 0 0
317 103316500 0 0
318 103317500 0 0
319 103318500 0 0
320 103319500 0 0
321 103320500 0 0
322 103321500 0 0
323 103322500 0 0
324 103323500 0 0
325 103324500 0 1
326 103325500 1 1
327 103326500 0 0
328 103327500 0 0
329 103328500 0 0
330 103329500 0 0
331 103330500 0 0
332 103331500 0 0
333 103332500 0 0
334 103333500 0 0
335 103334500 0 0
336 103335500 0 0
337 103336500 0 0
338 103337500 0 0
339 103338500 0 0
340 103339500 0 0
341 103340500 0 0
342 103341500 0 0
343 103342500 0 0
344 103343500 0 0
345 103344500 0 0
346 103345500 0 0
347 103346500 0 0
348 103347500 0 0
349 103348500 0 0
350 103349500 0 0
351 103350500 0 0
352 103351500 0 0
353 103352500 0 0
354 103353500 0 0
355 103354500 0 0
356 103355500 0 0
357 103356500 0 0
358 103357500 0 0
359 103358500 0 0
360 103359500 0 0
361 103360500 0 0
362 103361500 0 0
363 103362500 0 0
364 103363500 0 0
365 103364500 0 0
366 103365500 0 0
367 103366500 0 0
368 103367500 0 0
369 103368500 0 0
370 103369500 0 0
371 103370500 0 0
372 103371500 0 0
373 103372500 0 0
374 103373500 0 0
375 103374500 0 0
376 103375500 0 0
377 103376500 0 0
378 103377500 0 0
379 103378500 0 0
380 103379500 0 0
381 103380500 0 0
382 103381500 0 0
383 103382500 0 0
384 103383500 0 0
385 103384500 0 0
386 103385500 0 0
387 103386500 0 0
388 103387500 0 0
389 103388500 0 0
390 103389500 0 0
391 103390500 0 0
392 103391500 0 0
393 103392500 0 0
394 103393500 0 0
395 103394500 0 0
396 103395500 0 0
397 103396500 0 0
398 103397500 0 0
399 103398500 0 0
400 103399500 0 0
401 103400500 0 0
402 103401500 0 0
403 103402500 0 0
404 103403500 0 0
405 103404500 0 0
406 103405500 0 1
407 103406500 1 1
408 103407500 0 1
409 103408500 0 0
410 103409500 0 0
411 103410500 0 0
412 103411500 0 0
413 103412500 0 0
414 103413500 0 0
415 103414500 0 0
416 103415500 0 0
417 103416500 0 0
418 103417500 0 0
419 103418500 0 0
420 103419500 0 0
421 103420500 0 0
422 103421500 0 0
423 103422500 0 0
424 103423500 0 0
425 103424500 0 0
426 103425500 0 0
427 103426500 0 0
428 103427500 0 0
429 103428500 0 0
430 103429500 0 0
431 103430500 0 0
432 103431500 0 0
433 103432500 0 1
434 103433500 1 1
435 103434500 0 0
436 103435500 0 0
437 103436500 0 0
438 103437500 0 0
439 103438500 0 0
440 103439500 0 0
441 103440500 0 0
442 103441500 0 0
443 103442500 0 0
444 103443500 0 0
445 103444500 0 0
446 103445500 0 0
447 103446500 0 0
448 103447500 0 0
449 103448500 0 0
450 103449500 0 0
451 103450500 0 0
452 103451500 0 0
453 103452500 0 0
454 103453500 0 0
455 103454500 0 0
456 103455500 0 0
457 103456500 0 0
458 103457500 0 0
459 103458500 0 0
460 103459500 0 0
461 103460500 0 0
462 103461500 0 0
463 103462500 0 0
464 103463500 0 0
465 103464500 0 0
466 103465500 0 0
467 103466500 0 0
468 103467500 0 0
469 103468500 0 0
470 103469500 0 0
471 103470500 0 0
472 103471500 0 0
473 103472500 0 0
474 103473500 0 0
475 103474500 0 0
476 103475500 0 0
477 103476500 0 0
478 103477500 0 0
479 103478500 0 0
480 103479500 0 0
481 103480500 0 0
482 103481500 0 0
483 103482500 0 1
484 103483500 0 0
485 103484500 0 0
486 103485500 0 1
487 103486500 0 1
488 103487500 0 1
489 103488500 1 1
490 103489500 0 1
491 103490500 0 1
492 103491500 0 1
493 103492500 0 0
494 103493500 0 0
495 103494500 0 1
496 103495500 0 1
497 103496500 0 1
498 103497500 0 0
499 103498500 0 0
500 103499500 0 0
501 103500500 0 0
502 103501500 0 1
503 103502500 0 0
504 103503500 0 0
505 103504500 0 0
506 103505500 0 0
507 103506500 0 0
508 103507500 0 0
509 103508500 0 1
510 103509500 0 1
511 103510500 0 1
512 103511500 0 0
513 103512500 0 0
514 103513500 0 0
515 103514500 0 0
516 103515500 0 0
517 103516500 0 0
518 103517500 0 0
519 103518500 0 0
520 103519500 0 0
521 103520500 0 0
522 103521500 0 0
523 103522500 0 0
524 103523500 0 0
525 103524500 0 0
526 103525500 0 0
527 103526500 0 0
528 103527500 0 0
529 103528500 0 0
530 103529500 0 0
531 103530500 0 0
532 103531500 0 0
533 103532500 0 0
534 103533500 0 0
535 103534500 0 0
536 103535500 0 0
537 103536500 0 0
538 103537500 0 0
539 103538500 0 0
540 103539500 0 0
541 103540500 0 0
542 103541500 0 0
543 103542500 0 0
544 103543500 0 0
545 103544500 0 0
546 103545500 0 0
547 103546500 0 0
548 103547500 1 0
549 103548500 0 0
550 103549500 0 0
551 103550500 0 0
552 103551500 0 0
553 103552500 0 0
554 103553500 0 0
555 103554500 0 0
556 103555500 0 0
557 103556500 0 0
558 103557500 0 0
559 103558500 0 0
560 103559500 0 0
561 103560500 0 0
562 103561500 0 0
563 103562500 0 0
564 103563500 0 0
565 103564500 0 0
566 103565500 0 0
567 103566500 0 0
568 103567500 0 0
569 103568500 0 0
570 103569500 0 0
571 103570500 0 0
572 103571500 0 0
573 103572500 0 0
574 103573500 0 0
575 103574500 0 0
576 103575500 0 0
577 103576500 0 0
578 103577500 0 0
579 103578500 0 0
580 103579500 0 0
581 103580500 0 0
582 103581500 0 1
583 103582500 0 0
584 103583500 0 0
585 103584500 0 0
586 103585500 0 0
587 103586500 0 0
588 103587500 0 0
589 103588500 0 0
590 103589500 0 0
591 103590500 0 0
592 103591500 0 0
593 103592500 0 0
594 103593500 0 0
595 103594500 0 0
596 103595500 0 0
597 103596500 0 0
598 103597500 0 0
599 103598500 0 0
600 103599500 0 0
601 103600500 0 1
602 103601500 1 1
603 103602500 0 1
604 103603500 0 0
605 103604500 0 0
606 103605500 0 0
607 103606500 0 0
608 103607500 0 0
609 103608500 0 0
610 103609500 0 0
611 103610500 0 0
612 103611500 0 0
613 103612500 0 0
614 103613500 0 0
615 103614500 0 0
616 103615500 0 0
617 103616500 0 0
618 103617500 0 0
619 103618500 0 0
620 103619500 0 0
621 103620500 0 0
622 103621500 0 0
623 103622500 0 0
624 103623500 0 0
625 103624500 0 0
626 103625500 0 0
627 103626500 0 0
628 103627500 0 0
629 103628500 0 0
630 103629500 0 0
631 103630500 0 0
632 103631500 0 0
633 103632500 0 0
634 103633500 0 0
635 103634500 0 0
636 103635500 0 1
637 103636500 0 1
638 103637500 0 1
639 103638500 1 1
640 103639500 0 1
641 103640500 0 0
642 103641500 0 0
643 103642500 0 0
644 103643500 0 0
645 103644500 0 0
646 103645500 0 0
647 103646500 0 0
648 103647500 0 0
649 103648500 0 0
650 103649500 0 0
651 103650500 0 0
652 103651500 0 0
653 103652500 0 0
654 103653500 0 0
655 103654500 0 0
656 103655500 0 0
657 103656500 0 0
658 103657500 0 1
659 103658500 0 1
660 103659500 0 1
661 103660500 0 0
662 103661500 0 0
663 103662500 0 0
664 103663500 0 1
665 103664500 0 0
666 103665500 1 0
667 103666500 0 0
668 103667500 0 0
669 103668500 0 0
670 103669500 0 0
671 103670500 0 0
672 103671500 0 0
673 103672500 0 0
674 103673500 0 0
675 103674500 0 0
676 103675500 0 0
677 103676500 0 0
678 103677500 0 0
679 103678500 0 0
680 103679500 0 0
681 103680500 0 0
682 103681500 0 0
683 103682500 0 0
684 103683500 0 0
685 103684500 0 0
686 103685500 0 0
687 103686500 0 0
688 103687500 0 0
689 103688500 0 0
690 103689500 0 0
691 103690500 0 0
692 103691500 0 0
693 103692500 0 0
694 103693500 0 0
695 103694500 0 0
696 103695500 0 0
697 103696500 0 0
698 103697500 0 0
699 103698500 0 0
700 103699500 0 0
701 103700500 0 0
702 103701500 0 0
703 103702500 0 0
704 103703500 0 0
705 103704500 0 0
706 103705500 0 0
707 103706500 0 0
708 103707500 0 0
709 103708500 0 0
710 103709500 0 0
711 103710500 0 0
712 103711500 0 0
713 103712500 1 0
714 103713500 0 0
715 103714500 0 0
716 103715500 0 0
717 103716500 0 0
718 103717500 0 0
719 103718500 0 0
720 103719500 0 0
721 103720500 0 0
722 103721500 0 0
723 103722500 0 0
724 103723500 0 0
725 103724500 0 0
726 103725500 0 0
727 103726500 0 0
728 103727500 0 0
729 103728500 0 0
730 103729500 0 0
731 103730500 0 0
732 103731500 0 1
733 103732500 0 1
734 103733500 0 0
735 103734500 0 1
736 103735500 0 1
737 103736500 0 0
738 103737500 0 0
739 103738500 0 0
740 103739500 0 0
741 103740500 0 0
742 103741500 0 0
743 103742500 0 0
744 103743500 0 0
745 103744500 0 0
746 103745500 0 0
747 103746500 0 0
748 103747500 0 0
749 103748500 0 0
750 103749500 0 0
751 103750500 0 0
752 103751500 0 0
753 103752500 0 0
754 103753500 0 0
755 103754500 0 0
756 103755500 0 0
757 103756500 0 0
758 103757500 0 0
759 103758500 0 0
760 103759500 0 0
761 103760500 0 0
762 103761500 0 0
763 103762500 0 0
764 103763500 0 0
765 103764500 0 0
766 103765500 0 0
767 103766500 0 0
768 103767500 0 0
769 103768500 0 0
770 103769500 0 0
771 103770500 0 0
772 103771500 0 0
773 103772500 0 0
774 103773500 0 0
775 103774500 0 0
776 103775500 0 0
777 103776500 0 0
778 103777500 0 0
779 103778500 0 0
780 103779500 0 0
781 103780500 0 0
782 103781500 0 0
783 103782500 0 0
784 103783500 0 0
785 103784500 0 0
786 103785500 0 0
787 103786500 0 0
788 103787500 0 0
789 103788500 0 0
790 103789500 0 0
791 103790500 0 0
792 103791500 0 0
793 103792500 0 0
794 103793500 0 0
795 103794500 0 0
796 103795500 0 0
797 103796500 0 0
798 103797500 0 0
799 103798500 0 0
800 103799500 0 0
801 103800500 0 0
802 103801500 0 0
803 103802500 0 0
804 103803500 0 0
805 103804500 0 0
806 103805500 0 0
807 103806500 0 0
808 103807500 0 0
809 103808500 0 0
810 103809500 0 1
811 103810500 0 1
812 103811500 0 0
813 103812500 0 0
814 103813500 0 0
815 103814500 0 0
816 103815500 0 0
817 103816500 0 0
818 103817500 0 0
819 103818500 0 0
820 103819500 0 0
821 103820500 0 0
822 103821500 0 0
823 103822500 0 0
824 103823500 0 0
825 103824500 0 0
826 103825500 0 0
827 103826500 0 0
828 103827500 0 0
829 103828500 0 0
830 103829500 0 0
831 103830500 0 0
832 103831500 0 0
833 103832500 0 0
834 103833500 0 0
835 103834500 0 0
836 103835500 0 0
837 103836500 0 0
838 103837500 0 0
839 103838500 0 0
840 103839500 0 0
841 103840500 0 0
842 103841500 0 0
843 103842500 0 0
844 103843500 0 0
845 103844500 0 0
846 103845500 0 0
847 103846500 0 0
848 103847500 0 0
849 103848500 0 0
850 103849500 0 0
851 103850500 0 0
852 103851500 0 0
853 103852500 0 0
854 103853500 0 0
855 103854500 0 0
856 103855500 0 0
857 103856500 0 0
858 103857500 0 0
859 103858500 0 0
860 103859500 0 0
861 103860500 0 0
862 103861500 0 0
863 103862500 0 0
864 103863500 0 0
865 103864500 0 0
866 103865500 0 0
867 103866500 0 0
868 103867500 1 1
869 103868500 0 1
870 103869500 0 1
871 103870500 0 0
872 103871500 0 0
873 103872500 0 0
874 103873500 0 0
875 103874500 0 0
876 103875500 0 0
877 103876500 0 0
878 103877500 0 0
879 103878500 0 0
880 103879500 0 0
881 103880500 0 0
882 103881500 0 0
883 103882500 0 0
884 103883500 0 0
885 103884500 0 0
886 103885500 0 0
887 103886500 0 0
888 103887500 0 0
889 103888500 0 0
890 103889500 0 0
891 103890500 0 0
892 103891500 0 0
893 103892500 0 0
894 103893500 0 0
895 103894500 0 0
896 103895500 0 0
897 103896500 0 0
898 103897500 0 0
899 103898500 0 0
900 103899500 0 0
901 103900500 0 0
902 103901500 0 1
903 103902500 0 0
904 103903500 0 0
905 103904500 0 0
906 103905500 0 0
907 103906500 0 0
908 103907500 0 0
909 103908500 0 0
910 103909500 0 1
911 103910500 0 1
912 103911500 0 0
913 103912500 0 0
914 103913500 0 0
915 103914500 0 0
916 103915500 0 0
917 103916500 0 0
918 103917500 0 0
919 103918500 0 0
920 103919500 0 0
921 103920500 0 0
922 103921500 0 0
923 103922500 0 0
924 103923500 0 0
925 103924500 0 0
926 103925500 0 0
927 103926500 0 0
928 103927500 0 0
929 103928500 0 0
930 103929500 0 0
931 103930500 0 0
932 103931500 0 0
933 103932500 0 0
934 103933500 0 0
935 103934500 0 0
936 103935500 1 0
937 103936500 0 1
938 103937500 0 0
939 103938500 0 0
940 103939500 0 0
941 103940500 0 0
942 103941500 0 0
943 103942500 0 0
944 103943500 0 0
945 103944500 0 0
946 103945500 0 0
947 103946500 0 0
948 103947500 0 0
949 103948500 0 0
950 103949500 0 0
951 103950500 0 0
952 103951500 0 0
953 103952500 0 0
954 103953500 0 0
955 103954500 0 0
956 103955500 0 0
957 103956500 0 0
958 103957500 0 0
959 103958500 0 0
960 103959500 0 0
961 103960500 0 0
962 103961500 0 0
963 103962500 1 1
964 103963500 0 1
965 103964500 0 0
966 103965500 0 0
967 103966500 0 0
968 103967500 0 0
969 103968500 0 0
970 103969500 0 0
971 103970500 0 0
972 103971500 0 0
973 103972500 0 1
974 103973500 0 1
975 103974500 1 1
976 103975500 0 0
977 103976500 0 0
978 103977500 0 0
979 103978500 0 0
980 103979500 0 0
981 103980500 0 0
982 103981500 0 0
983 103982500 0 0
984 103983500 0 0
985 103984500 0 0
986 103985500 0 0
987 103986500 0 0
988 103987500 0 0
989 103988500 0 0
990 103989500 0 0
991 103990500 0 0
992 103991500 0 0
993 103992500 0 0
994 103993500 0 0
995 103994500 0 0
996 103995500 0 0
997 103996500 0 0
998 103997500 0 0
999 103998500 0 0
1000 103999500 0 0
1001 104000500 0 0
1002 104001500 0 0
1003 104002500 0 0
1004 104003500 0 0
1005 104004500 0 0
1006 104005500 0 0
1007 104006500 0 0
1008 104007500 0 0
1009 104008500 0 0
1010 104009500 0 0
1011 104010500 0 0
1012 104011500 0 0
1013 104012500 0 0
1014 104013500 0 0
1015 104014500 0 0
1016 104015500 0 0
1017 104016500 0 0
1018 104017500 0 0
1019 104018500 0 0
1020 104019500 0 0
1021 104020500 0 0
1022 104021500 0 0
1023 104022500 0 0
1024 104023500 0 0
1025 104024500 0 0
1026 104025500 0 0
1027 104026500 0 0
1028 104027500 0 0
1029 104028500 0 0
1030 104029500 0 0
1031 104030500 0 0
1032 104031500 0 0
1033 104032500 0 0
1034 104033500 0 0
1035 104034500 0 0
1036 104035500 0 0
1037 104036500 0 0
1038 104037500 0 0
1039 104038500 0 0
1040 104039500 0 0
1041 104040500 0 0
1042 104041500 0 0
1043 104042500 0 0
1044 104043500 0 0
1045 104044500 0 0
1046 104045500 0 0
1047 104046500 0 0
1048 104047500 0 1
1049 104048500 1 1
1050 104049500 0 0
1051 104050500 0 0
1052 104051500 0 0
1053 104052500 0 0
1054 104053500 0 0
1055 104054500 0 0
1056 104055500 0 0
1057 104056500 0 0
1058 104057500 0 0
1059 104058500 0 0
1060 104059500 0 0
1061 104060500 0 0
1062 104061500 0 0
1063 104062500 0 0
1064 104063500 0 0
1065 104064500 0 0
1066 104065500 0 0
1067 104066500 0 0
1068 104067500 0 0
1069 104068500 0 0
1070 104069500 0 0
1071 104070500 0 0
1072 104071500 0 0
1073 104072500 0 0
1074 104073500 0 0
1075 104074500 0 0
1076 104075500 0 0
1077 104076500 0 0
1078 104077500 0 0
1079 104078500 0 0
1080 104079500 0 0
1081 104080500 0 0
1082 104081500 0 0
1083 104082500 0 0
1084 104083500 0 0
1085 104084500 0 0
1086 104085500 0 0
1087 104086500 0 0
1088 104087500 0 0
1089 104088500 0 0
1090 104089500 0 0
1091 104090500 0 0
1092 104091500 0 0
1093 104092500 0 0
1094 104093500 0 0
1095 104094500 0 0
1096 104095500 0 0
1097 104096500 0 0
1098 104097500 0 0
1099 104098500 0 0
1100 104099500 0 0
1101 104100500 0 0
1102 104101500 0 0
1103 104102500 0 0
1104 104103500 0 0
1105 104104500 0 0
1106 104105500 0 0
1107 104106500 0 0
1108 104107500 0 0
1109 104108500 0 0
1110 104109500 0 0
1111 104110500 0 0
1112 104111500 0 0
1113 104112500 0 0
1114 104113500 0 0
1115 104114500 0 0
1116 104115500 0 0
1117 104116500 0 0
1118 104117500 0 0
1119 104118500 0 0
1120 104119500 0 0
1121 104120500 0 0
1122 104121500 0 0
1123 104122500 0 0
1124 104123500 0 0
1125 104124500 0 0
1126 104125500 0 0
1127 104126500 0 0
1128 104127500 0 0
1129 104128500 0 0
1130 104129500 1 0
1131 104130500 0 0
1132 104131500 0 0
1133 104132500 0 0
1134 104133500 0 0
1135 104134500 0 0
1136 104135500 0 0
1137 104136500 0 0
1138 104137500 0 0
1139 104138500 0 0
1140 104139500 0 0
1141 104140500 0 0
1142 104141500 0 0
1143 104142500 0 0
1144 104143500 0 0
1145 104144500 0 0
1146 104145500 0 0
1147 104146500 0 0
1148 104147500 0 0
1149 104148500 0 0
1150 104149500 0 0
1151 104150500 0 0
1152 104151500 0 0
1153 104152500 0 0
1154 104153500 0 0
1155 104154500 0 0
1156 104155500 0 0
1157 104156500 0 0
1158 104157500 0 0
1159 104158500 0 0
1160 104159500 0 0
1161 104160500 0 0
1162 104161500 0 0
1163 104162500 0 0
1164 104163500 0 0
1165 104164500 0 0
1166 104165500 0 0
1167 104166500 0 0
1168 104167500 0 0
1169 104168500 0 0
1170 104169500 0 0
1171 104170500 0 0
1172 104171500 0 0
1173 104172500 0 0
1174 104173500 0 0
1175 104174500 0 0
1176 104175500 0 0
1177 104176500 0 0
1178 104177500 0 0
1179 104178500 0 0
1180 104179500 0 0
1181 104180500 0 0
1182 104181500 0 0
1183 104182500 0 0
1184 104183500 0 0
1185 104184500 0 0
1186 104185500 0 0
1187 104186500 0 0
1188 104187500 0 0
1189 104188500 0 0
1190 104189500 0 0
1191 104190500 0 0
1192 104191500 0 0
1193 104192500 0 0
1194 104193500 0 0
1195 104194500 0 0
1196 104195500 0 0
1197 104196500 0 0
1198 104197500 0 0
1199 104198500 0 0
1200 104199500 0 0
1201 104200500 0 0
1202 104201500 0 0
1203 104202500 0 0
1204 104203500 0 0
1205 104204500 0 0
1206 104205500 0 0
1207 104206500 0 0
1208 104207500 0 0
1209 104208500 0 0
1210 104209500 0 0
1211 104210500 0 0
1212 104211500 0 0
1213 104212500 0 0
1214 104213500 0 0
1215 104214500 0 0
1216 104215500 0 0
1217 104216500 0 0
1218 104217500 0 0
1219 104218500 0 0
1220 104219500 0 0
1221 104220500 0 0
1222 104221500 0 0
1223 104222500 0 0
1224 104223500 0 0
1225 104224500 0 0
1226 104225500 0 0
1227 104226500 0 0
1228 104227500 0 0
1229 104228500 0 0
1230 104229500 0 0
1231 104230500 0 0
1232 104231500 0 0
1233 104232500 0 0
1234 104233500 0 0
1235 104234500 0 0
1236 104235500 0 0
1237 104236500 0 0
1238 104237500 0 0
1239 104238500 0 0
1240 104239500 0 0
1241 104240500 0 0
1242 104241500 0 0
1243 104242500 0 0
1244 104243500 0 0
1245 104244500 0 0
1246 104245500 0 0
1247 104246500 0 0
1248 104247500 0 0
1249 104248500 0 0
1250 104249500 0 0
1251 104250500 0 1
1252 104251500 0 0
1253 104252500 0 0
1254 104253500 0 0
1255 104254500 0 0
1256 104255500 0 0
1257 104256500 0 0
1258 104257500 0 0
1259 104258500 0 0
1260 104259500 0 0
1261 104260500 0 0
1262 104261500 0 0
1263 104262500 0 0
1264 104263500 0 0
1265 104264500 0 0
1266 104265500 0 0
1267 104266500 0 0
1268 104267500 0 0
1269 104268500 0 0
1270 104269500 0 0
1271 104270500 0 0
1272 104271500 0 0
1273 104272500 0 0
1274 104273500 0 0
1275 104274500 0 0
1276 104275500 0 0
1277 104276500 0 0
1278 104277500 0 0
1279 104278500 0 0
1280 104279500 0 0
1281 104280500 0 0
1282 104281500 0 0
1283 104282500 0 0
1284 104283500 0 0
1285 104284500 0 0
1286 104285500 0 0
1287 104286500 0 0
1288 104287500 0 0
1289 104288500 0 0
1290 104289500 0 0
1291 104290500 0 0
1292 104291500 0 0
1293 104292500 0 0
1294 104293500 0 0
1295 104294500 0 0
1296 104295500 0 0
1297 104296500 0 0
1298 104297500 0 0
1299 104298500 0 0
1300 104299500 0 0
1301 104300500 0 0
1302 104301500 0 0
1303 104302500 0 0
1304 104303500 0 0
1305 104304500 0 0
1306 104305500 0 0
1307 104306500 0 0
1308 104307500 0 0
1309 104308500 1 0
1310 104309500 0 0
1311 104310500 0 0
1312 104311500 0 0
1313 104312500 0 0
1314 104313500 0 0
1315 104314500 0 0
1316 104315500 0 0
1317 104316500 0 0
1318 104317500 0 0
1319 104318500 0 0
1320 104319500 0 0
1321 104320500 0 0
1322 104321500 0 0
1323 104322500 0 0
1324 104323500 0 0
1325 104324500 0 0
1326 104325500 0 0
1327 104326500 0 0
1328 104327500 0 0
1329 104328500 0 0
1330 104329500 0 1
1331 104330500 0 1
1332 104331500 0 1
1333 104332500 0 1
1334 104333500 0 1
1335 104334500 0 1
1336 104335500 1 1
1337 104336500 0 1
1338 104337500 0 0
1339 104338500 0 0
1340 104339500 0 0
1341 104340500 0 0
1342 104341500 0 0
1343 104342500 0 0
1344 104343500 0 0
1345 104344500 0 0
1346 104345500 0 0
1347 104346500 0 0
1348 104347500 0 0
1349 104348500 0 0
1350 104349500 0 0
1351 104350500 0 0
1352 104351500 0 0
1353 104352500 0 0
1354 104353500 0 0
1355 104354500 0 0
1356 104355500 0 0
1357 104356500 0 0
1358 104357500 0 0
1359 104358500 0 0
1360 104359500 0 0
1361 104360500 0 0
1362 104361500 0 0
1363 104362500 0 0
1364 104363500 0 0
1365 104364500 0 0
1366 104365500 1 1
1367 104366500 0 1
1368 104367500 0 0
1369 104368500 0 0
1370 104369500 0 0
1371 104370500 0 0
1372 104371500 0 0
1373 104372500 0 0
1374 104373500 0 0
1375 104374500 0 0
1376 104375500 0 0
1377 104376500 0 0
1378 104377500 0 0
1379 104378500 0 0
1380 104379500 0 0
1381 104380500 0 0
1382 104381500 0 0
1383 104382500 0 0
1384 104383500 0 0
1385 104384500 0 0
1386 104385500 0 0
1387 104386500 0 0
1388 104387500 0 0
1389 104388500 0 0
1390 104389500 0 0
1391 104390500 0 0
1392 104391500 0 0
1393 104392500 0 0
1394 104393500 0 0
1395 104394500 0 0
1396 104395500 0 0
1397 104396500 0 0
1398 104397500 0 0
1399 104398500 0 0
1400 104399500 0 0
1401 104400500 0 0
1402 104401500 0 0
1403 104402500 0 0
1404 104403500 0 0
1405 104404500 0 0
1406 104405500 0 0
1407 104406500 0 0
1408 104407500 0 0
1409 104408500 0 0
1410 104409500 0 0
1411 104410500 0 0
1412 104411500 0 0
1413 104412500 0 0
1414 104413500 0 0
1415 104414500 0 0
1416 104415500 0 0
1417 104416500 0 0
1418 104417500 0 0
1419 104418500 0 0
1420 104419500 0 0
1421 104420500 0 0
1422 104421500 0 0
1423 104422500 0 0
1424 104423500 0 0
1425 104424500 0 0
1426 104425500 0 0
1427 104426500 0 0
1428 104427500 0 0
1429 104428500 0 0
1430 104429500 0 1
1431 104430500 1 1
1432 104431500 0 1
1433 104432500 0 1
1434 104433500 0 0
1435 104434500 0 0
1436 104435500 0 0
1437 104436500 0 0
1438 104437500 0 0
1439 104438500 0 0
1440 104439500 0 0
1441 104440500 0 0
1442 104441500 0 0
1443 104442500 0 0
1444 104443500 0 0
1445 104444500 0 0
1446 104445500 0 0
1447 104446500 0 0
1448 104447500 0 0
1449 104448500 0 0
1450 104449500 0 0
1451 104450500 0 0
1452 104451500 0 0
1453 104452500 0 0
1454 104453500 0 0
1455 104454500 0 0
1456 104455500 0 0
1457 104456500 0 0
1458 104457500 0 0
1459 104458500 0 0
1460 104459500 0 0
1461 104460500 0 0
1462 104461500 0 0
1463 104462500 0 0
1464 104463500 0 0
1465 104464500 0 0
1466 104465500 0 0
1467 104466500 0 0
1468 104467500 0 0
1469 104468500 0 0
1470 104469500 0 0
1471 104470500 0 0
1472 104471500 0 0
1473 104472500 0 0
1474 104473500 0 0
1475 104474500 0 0
1476 104475500 0 0
1477 104476500 0 0
1478 104477500 0 0
1479 104478500 0 0
1480 104479500 0 0
1481 104480500 0 0
1482 104481500 0 0
1483 104482500 0 0
1484 104483500 0 0
1485 104484500 0 0
1486 104485500 0 0
1487 104486500 0 0
1488 104487500 0 0
1489 104488500 0 0
1490 104489500 0 0
1491 104490500 0 0
1492 104491500 0 0
1493 104492500 0 0
1494 104493500 0 0
1495 104494500 0 0
1496 104495500 0 0
1497 104496500 0 0
1498 104497500 0 0
1499 104498500 0 0
1500 104499500 0 0
1501 104500500 0 0
1502 104501500 0 0
1503 104502500 0 0
1504 104503500 0 0
1505 104504500 0 0
1506 104505500 0 0
1507 104506500 0 0
1508 104507500 0 0
1509 104508500 0 0
1510 104509500 0 0
1511 104510500 0 0
1512 104511500 0 0
1513 104512500 0 0
1514 104513500 0 0
1515 104514500 0 0
1516 104515500 0 0
1517 104516500 0 0
1518 104517500 0 0
1519 104518500 0 0
1520 104519500 0 0
1521 104520500 0 0
1522 104521500 0 0
1523 104522500 0 0
1524 104523500 0 0
1525 104524500 0 0
1526 104525500 0 0
1527 104526500 0 1
1528 104527500 0 0
1529 104528500 0 0
1530 104529500 0 0
1531 104530500 0 0
1532 104531500 0 0
1533 104532500 0 0
1534 104533500 0 0
1535 104534500 0 0
1536 104535500 0 0
1537 104536500 0 0
1538 104537500 0 0
1539 104538500 0 0
1540 104539500 0 0
1541 104540500 0 0
1542 104541500 0 0
1543 104542500 0 0
1544 104543500 0 0
1545 104544500 0 0
1546 104545500 0 0
1547 104546500 0 0
1548 104547500 0 0
1549 104548500 0 0
1550 104549500 0 0
1551 104550500 0 0
1552 104551500 0 1
1553 104552500 1 1
1554 104553500 0 1
1555 104554500 0 1
1556 104555500 0 1
1557 104556500 0 0
1558 104557500 0 0
1559 104558500 0 0
1560 104559500 0 0
1561 104560500 0 0
1562 104561500 0 0
1563 104562500 0 0
1564 104563500 0 0
1565 104564500 0 0
1566 104565500 0 0
1567 104566500 0 0
1568 104567500 0 0
1569 104568500 0 0
1570 104569500 0 0
1571 104570500 0 0
1572 104571500 0 0
1573 104572500 0 0
1574 104573500 0 0
1575 104574500 0 0
1576 104575500 0 0
1577 104576500 0 0
1578 104577500 0 0
1579 104578500 0 0
1580 104579500 0 0
1581 104580500 0 0
1582 104581500 0 1
1583 104582500 0 1
1584 104583500 1 1
1585 104584500 0 0
1586 104585500 0 0
1587 104586500 0 0
1588 104587500 0 0
1589 104588500 0 0
1590 104589500 0 0
1591 104590500 0 0
1592 104591500 0 0
1593 104592500 0 0
1594 104593500 0 0
1595 104594500 0 0
1596 104595500 0 0
1597 104596500 0 0
1598 104597500 0 0
1599 104598500 0 0
1600 104599500 0 0
1601 104600500 0 0
1602 104601500 0 0
1603 104602500 0 0
1604 104603500 0 0
1605 104604500 0 0
1606 104605500 0 0
1607 104606500 0 0
1608 104607500 0 0
1609 104608500 0 0
1610 104609500 0 0
1611 104610500 0 0
1612 104611500 0 0
1613 104612500 0 0
1614 104613500 0 0
1615 104614500 0 0
1616 104615500 0 0
1617 104616500 0 0
1618 104617500 0 0
1619 104618500 0 0
1620 104619500 0 1
1621 104620500 0 1
1622 104621500 0 1
1623 104622500 0 0
1624 104623500 0 0
1625 104624500 0 0
1626 104625500 0 0
1627 104626500 0 0
1628 104627500 0 0
1629 104628500 0 0
1630 104629500 0 0
1631 104630500 0 0
1632 104631500 0 0
1633 104632500 0 0
1634 104633500 0 0
1635 104634500 0 0
1636 104635500 0 0
1637 104636500 0 0
1638 104637500 0 0
1639 104638500 0 0
1640 104639500 0 0
1641 104640500 0 0
1642 104641500 0 0
1643 104642500 0 0
1644 104643500 0 0
1645 104644500 0 0
1646 104645500 0 0
1647 104646500 0 0
1648 104647500 0 0
1649 104648500 0 0
1650 104649500 0 0
1651 104650500 0 0
1652 104651500 0 0
1653 104652500 0 1
1654 104653500 0 1
1655 104654500 0 1
1656 104655500 0 1
1657 104656500 0 1
1658 104657500 1 1
1659 104658500 0 1
1660 104659500 0 1
1661 104660500 0 0
1662 104661500 0 0
1663 104662500 0 0
1664 104663500 0 0
1665 104664500 0 0
1666 104665500 0 0
1667 104666500 0 0
1668 104667500 0 0
1669 104668500 0 0
1670 104669500 0 0
1671 104670500 0 0
1672 104671500 0 0
1673 104672500 0 0
1674 104673500 0 0
1675 104674500 0 0
1676 104675500 0 0
1677 104676500 0 0
1678 104677500 0 0
1679 104678500 0 0
1680 104679500 0 0
1681 104680500 0 0
1682 104681500 0 0
1683 104682500 0 0
1684 104683500 0 0
1685 104684500 0 0
1686 104685500 0 0
1687 104686500 0 0
1688 104687500 0 0
1689 104688500 0 0
1690 104689500 0 1
1691 104690500 0 1
1692 104691500 0 0
1693 104692500 0 0
1694 104693500 0 0
1695 104694500 0 0
1696 104695500 0 0
1697 104696500 0 0
1698 104697500 0 0
1699 104698500 0 0
1700 104699500 0 0
1701 104700500 0 0
1702 104701500 0 0
1703 104702500 0 0
1704 104703500 0 0
1705 104704500 0 0
1706 104705500 0 0
1707 104706500 0 0
1708 104707500 0 0
1709 104708500 0 0
1710 104709500 0 0
1711 104710500 0 0
1712 104711500 0 0
1713 104712500 0 0
1714 104713500 0 0
1715 104714500 0 0
1716 104715500 0 0
1717 104716500 0 0
1718 104717500 0 0
1719 104718500 0 0
1720 104719500 0 0
1721 104720500 0 0
1722 104721500 0 0
1723 104722500 0 0
1724 104723500 0 0
1725 104724500 0 0
1726 104725500 0 0
1727 104726500 0 0
1728 104727500 0 0
1729 104728500 1 0
1730 104729500 0 0
1731 104730500 0 0
1732 104731500 0 0
1733 104732500 0 0
1734 104733500 0 0
1735 104734500 0 0
1736 104735500 0 0
1737 104736500 0 0
1738 104737500 0 0
1739 104738500 0 0
1740 104739500 0 0
1741 104740500 0 0
1742 104741500 0 0
1743 104742500 0 0
1744 104743500 0 0
1745 104744500 0 0
1746 104745500 0 0
1747 104746500 0 0
1748 104747500 0 0
1749 104748500 0 0
1750 104749500 0 0
1751 104750500 0 0
1752 104751500 0 0
1753 104752500 0 0
1754 104753500 0 0
1755 104754500 0 0
1756 104755500 0 0
1757 104756500 0 0
1758 104757500 0 0
1759 104758500 0 0
1760 104759500 0 0
1761 104760500 0 0
1762 104761500 0 0
1763 104762500 0 0
1764 104763500 0 0
1765 104764500 0 0
1766 104765500 0 0
1767 104766500 0 0
1768 104767500 0 0
1769 104768500 0 0
1770 104769500 0 0
1771 104770500 0 0
1772 104771500 0 0
1773 104772500 0 0
1774 104773500 0 0
1775 104774500 0 0
1776 104775500 0 0
1777 104776500 0 0
1778 104777500 0 0
1779 104778500 0 0
1780 104779500 0 0
1781 104780500 0 0
1782 104781500 0 0
1783 104782500 0 0
1784 104783500 0 0
1785 104784500 0 0
1786 104785500 0 0
1787 104786500 0 0
1788 104787500 0 0
1789 104788500 0 0
1790 104789500 0 0
1791 104790500 0 0
1792 104791500 0 0
1793 104792500 0 0
1794 104793500 0 0
1795 104794500 0 0
1796 104795500 0 0
1797 104796500 0 0
1798 104797500 0 0
1799 104798500 0 0
1800 104799500 0 0
1801 104800500 0 0
1802 104801500 0 0
1803 104802500 0 0
1804 104803500 0 0
1805 104804500 0 0
1806 104805500 0 0
1807 104806500 0 0
1808 104807500 0 0
1809 104808500 0 0
1810 104809500 0 0
1811 104810500 0 0
1812 104811500 0 0
1813 104812500 0 0
1814 104813500 0 0
1815 104814500 0 0
1816 104815500 0 0
1817 104816500 0 0
1818 104817500 0 0
1819 104818500 0 0
1820 104819500 0 0
1821 104820500 0 0
1822 104821500 0 0
1823 104822500 0 0
1824 104823500 0 0
1825 104824500 0 0
1826 104825500 0 0
1827 104826500 0 0
1828 104827500 0 0
1829 104828500 0 0
1830 104829500 0 0
1831 104830500 0 0
1832 104831500 0 0
1833 104832500 0 0
1834 104833500 0 0
1835 104834500 0 0
1836 104835500 0 0
1837 104836500 0 0
1838 104837500 0 0
1839 104838500 0 0
1840 104839500 0 0
1841 104840500 0 0
1842 104841500 0 0
1843 104842500 0 0
1844 104843500 0 0
1845 104844500 0 0
1846 104845500 0 0
1847 104846500 0 0
1848 104847500 0 0
1849 104848500 0 0
1850 104849500 0 0
1851 104850500 0 0
1852 104851500 0 0
1853 104852500 0 0
1854 104853500 0 0
1855 104854500 0 0
1856 104855500 0 1
1857 104856500 0 1
1858 104857500 1 1
1859 104858500 0 1
1860 104859500 0 0
1861 104860500 0 0
1862 104861500 0 0
1863 104862500 0 0
1864 104863500 0 0
1865 104864500 0 0
1866 104865500 0 0
1867 104866500 0 0
1868 104867500 0 0
1869 104868500 0 0
1870 104869500 0 0
1871 104870500 0 0
1872 104871500 0 0
1873 104872500 0 0
1874 104873500 0 0
1875 104874500 0 0
1876 104875500 0 0
1877 104876500 0 0
1878 104877500 0 0
1879 104878500 0 0
1880 104879500 0 0
1881 104880500 0 0
1882 104881500 0 0
1883 104882500 0 0
1884 104883500 0 0
1885 104884500 0 0
1886 104885500 0 0
1887 104886500 0 0
1888 104887500 0 0
1889 104888500 0 0
1890 104889500 0 0
1891 104890500 0 0
1892 104891500 0 0
1893 104892500 0 0
1894 104893500 0 0
1895 104894500 0 0
1896 104895500 0 0
1897 104896500 0 0
1898 104897500 0 0
1899 104898500 0 0
1900 104899500 0 0
1901 104900500 0 0
1902 104901500 0 0
1903 104902500 0 0
1904 104903500 0 0
1905 104904500 0 0
1906 104905500 0 0
1907 104906500 0 0
1908 104907500 0 0
1909 104908500 0 0
1910 104909500 0 0
1911 104910500 0 0
1912 104911500 0 0
1913 104912500 0 0
1914 104913500 0 0
1915 104914500 0 0
1916 104915500 0 0
1917 104916500 0 0
1918 104917500 0 0
1919 104918500 0 0
1920 104919500 0 0
1921 104920500 0 0
1922 104921500 0 0
1923 104922500 0 0
1924 104923500 0 0
1925 104924500 0 0
1926 104925500 0 0
1927 104926500 0 0
1928 104927500 0 0
1929 104928500 0 0
1930 104929500 0 0
1931 104930500 0 0
1932 104931500 0 0
1933 104932500 0 0
1934 104933500 0 0
1935 104934500 0 0
1936 104935500 0 0
1937 104936500 0 0
1938 104937500 0 0
1939 104938500 0 0
1940 104939500 0 0
1941 104940500 0 0
1942 104941500 0 0
1943 104942500 0 0
1944 104943500 0 0
1945 104944500 0 0
1946 104945500 0 0
1947 104946500 0 0
1948 104947500 0 0
1949 104948500 0 0
1950 104949500 0 0
1951 104950500 0 0
1952 104951500 0 0
1953 104952500 0 0
1954 104953500 0 0
1955 104954500 0 0
1956 104955500 0 0
1957 104956500 0 0
1958 104957500 0 0
1959 104958500 0 0
1960 104959500 0 0
1961 104960500 0 0
1962 104961500 0 0
1963 104962500 0 0
1964 104963500 0 0
1965 104964500 0 0
1966 104965500 0 0
1967 104966500 0 1
1968 104967500 0 0
1969 104968500 0 0
1970 104969500 0 0
1971 104970500 0 0
1972 104971500 0 0
1973 104972500 0 0
1974 104973500 0 0
1975 104974500 0 0
1976 104975500 0 0
1977 104976500 0 0
1978 104977500 0 0
1979 104978500 0 0
1980 104979500 0 0
1981 104980500 0 0
1982 104981500 0 0
1983 104982500 0 0
1984 104983500 0 0
1985 104984500 0 0
1986 104985500 0 0
1987 104986500 0 0
1988 104987500 0 0
1989 104988500 0 0
1990 104989500 0 0
1991 104990500 0 0
1992 104991500 0 0
1993 104992500 0 0
1994 104993500 0 0
1995 104994500 0 0
1996 104995500 0 0
1997 104996500 0 0
1998 104997500 0 0
1999 104998500 0 0
2000 104999500 0 0
2001 105000500 0 0
2002 105001500 0 0
2003 105002500 0 0
2004 105003500 0 0
2005 105004500 0 0
2006 105005500 0 0
2007 105006500 0 0
2008 105007500 0 0
2009 105008500 0 0
2010 105009500 0 0
2011 105010500 0 0
2012 105011500 0 0
2013 105012500 0 0
2014 105013500 0 0
2015 105014500 0 0
2016 105015500 0 0
2017 105016500 0 0
2018 105017500 0 0
2019 105018500 0 0
2020 105019500 0 0
2021 105020500 0 0
2022 105021500 0 0
2023 105022500 0 0
2024 105023500 0 0
2025 105024500 0 0
2026 105025500 0 0
2027 105026500 0 0
2028 105027500 0 0
2029 105028500 0 0
2030 105029500 0 0
2031 105030500 0 0
2032 105031500 0 0
2033 105032500 0 0
2034 105033500 0 0
2035 105034500 0 0
2036 105035500 0 0
2037 105036500 0 0
2038 105037500 0 0
2039 105038500 0 0
2040 105039500 0 0
2041 105040500 0 0
2042 105041500 0 0
2043 105042500 0 0
2044 105043500 0 0
2045 105044500 0 0
2046 105045500 0 0
2047 105046500 0 0
2048 105047500 0 0
2049 105048500 0 0
2050 105049500 0 0
2051 105050500 0 0
2052 105051500 0 0
2053 105052500 0 0
2054 105053500 0 0
2055 105054500 0 0
2056 105055500 0 0
2057 105056500 0 0
2058 105057500 0 0
2059 105058500 0 0
2060 105059500 0 0
2061 105060500 0 0
2062 105061500 0 0
2063 105062500 0 0
2064 105063500 0 0
2065 105064500 0 0
2066 105065500 0 0
2067 105066500 0 0
2068 105067500 0 0
2069 105068500 0 0
2070 105069500 0 0
2071 105070500 0 0
2072 105071500 0 0
2073 105072500 0 0
2074 105073500 0 0
2075 105074500 0 0
2076 105075500 0 0
2077 105076500 0 0
2078 105077500 0 0
2079 105078500 0 0
2080 105079500 0 0
2081 105080500 0 0
2082 105081500 0 0
2083 105082500 0 0
2084 105083500 0 0
2085 105084500 0 0
2086 105085500 0 0
2087 105086500 0 0
2088 105087500 0 0
2089 105088500 0 0
2090 105089500 0 0
2091 105090500 0 0
2092 105091500 0 0
2093 105092500 0 0
2094 105093500 1 0
2095 105094500 0 0
2096 105095500 0 0
2097 105096500 0 0
2098 105097500 0 0
2099 105098500 0 0
2100 105099500 0 0
2101 105100500 0 0
2102 105101500 0 0
2103 105102500 0 0
2104 105103500 0 0
2105 105104500 0 0
2106 105105500 0 0
2107 105106500 0 0
2108 105107500 0 0
2109 105108500 0 0
2110 105109500 0 0
2111 105110500 0 0
2112 105111500 0 1
2113 105112500 0 1
2114 105113500 0 0
2115 105114500 0 0
2116 105115500 0 0
2117 105116500 0 0
2118 105117500 0 0
2119 105118500 0 0
2120 105119500 0 0
2121 105120500 0 0
2122 105121500 0 0
2123 105122500 0 1
2124 105123500 0 1
2125 105124500 0 0
2126 105125500 0 0
2127 105126500 0 0
2128 105127500 0 0
2129 105128500 0 0
2130 105129500 0 0
2131 105130500 0 0
2132 105131500 0 0
2133 105132500 0 0
2134 105133500 0 0
2135 105134500 0 0
2136 105135500 0 0
2137 105136500 0 0
2138 105137500 0 0
2139 105138500 0 0
2140 105139500 0 0
2141 105140500 0 0
2142 105141500 0 0
2143 105142500 0 0
2144 105143500 0 0
2145 105144500 0 0
2146 105145500 0 0
2147 105146500 0 0
2148 105147500 0 0
2149 105148500 0 0
2150 105149500 0 0
2151 105150500 0 0
2152 105151500 0 0
2153 105152500 0 0
2154 105153500 0 0
2155 105154500 0 0
2156 105155500 0 0
2157 105156500 0 0
2158 105157500 0 0
2159 105158500 0 0
2160 105159500 0 0
2161 105160500 0 0
2162 105161500 0 0
2163 105162500 0 0
2164 105163500 0 0
2165 105164500 0 0
2166 105165500 0 0
2167 105166500 0 0
2168 105167500 0 0
2169 105168500 0 0
2170 105169500 0 0
2171 105170500 0 0
2172 105171500 0 0
2173 105172500 0 0
2174 105173500 0 0
2175 105174500 0 0
2176 105175500 0 0
2177 105176500 0 0
2178 105177500 0 0
2179 105178500 0 0
2180 105179500 0 0
2181 105180500 0 0
2182 105181500 0 0
2183 105182500 0 0
2184 105183500 0 0
2185 105184500 0 0
2186 105185500 0 0
2187 105186500 0 0
2188 105187500 0 0
2189 105188500 0 0
2190 105189500 0 0
2191 105190500 0 0
2192 105191500 0 0
2193 105192500 0 0
2194 105193500 0 0
2195 105194500 0 0
2196 105195500 0 0
2197 105196500 0 0
2198 105197500 0 0
2199 105198500 0 0
2200 105199500 0 0
2201 105200500 0 0
2202 105201500 0 0
2203 105202500 0 0
2204 105203500 0 0
2205 105204500 0 0
2206 105205500 0 0
2207 105206500 0 0
2208 105207500 0 0
2209 105208500 0 0
2210 105209500 0 0
2211 105210500 0 0
2212 105211500 0 0
2213 105212500 0 0
2214 105213500 0 0
2215 105214500 0 0
2216 105215500 0 0
2217 105216500 0 0
2218 105217500 0 0
2219 105218500 0 0
2220 105219500 0 0
2221 105220500 0 0
2222 105221500 0 0
2223 105222500 0 0
2224 105223500 0 0
2225 105224500 0 0
2226 105225500 0 0
2227 105226500 0 0
2228 105227500 0 0
2229 105228500 0 0
2230 105229500 0 0
2231 105230500 0 0
2232 105231500 0 0
2233 105232500 0 0
2234 105233500 0 0
2235 105234500 0 0
2236 105235500 0 0
2237 105236500 0 0
2238 105237500 0 0
2239 105238500 0 1
2240 105239500 1 1
2241 105240500 0 1
2242 105241500 0 0
2243 105242500 0 0
2244 105243500 0 0
2245 105244500 0 0
2246 105245500 0 0
2247 105246500 0 0
2248 105247500 0 0
2249 105248500 0 0
2250 105249500 0 0
2251 105250500 0 0
2252 105251500 0 0
2253 105252500 0 0
2254 105253500 0 0
2255 105254500 0 0
2256 105255500 0 1
2257 105256500 0 1
2258 105257500 0 1
2259 105258500 0 1
2260 105259500 0 1
2261 105260500 0 0
2262 105261500 0 0
2263 105262500 0 0
2264 105263500 0 0
2265 105264500 0 0
2266 105265500 0 0
2267 105266500 0 0
2268 105267500 0 0
2269 105268500 1 0
2270 105269500 0 0
2271 105270500 0 0
2272 105271500 0 0
2273 105272500 0 0
2274 105273500 0 0
2275 105274500 0 0
2276 105275500 0 0
2277 105276500 0 0
2278 105277500 0 0
2279 105278500 0 0
2280 105279500 0 0
2281 105280500 0 0
2282 105281500 0 0
2283 105282500 0 0
2284 105283500 0 0
2285 105284500 0 0
2286 105285500 0 0
2287 105286500 0 0
2288 105287500 0 0
2289 105288500 0 0
2290 105289500 0 0
2291 105290500 0 0
2292 105291500 0 0
2293 105292500 0 0
2294 105293500 0 0
2295 105294500 0 0
2296 105295500 0 0
2297 105296500 0 0
2298 105297500 0 0
2299 105298500 0 0
2300 105299500 0 0
2301 105300500 0 0
2302 105301500 0 0
2303 105302500 0 0
2304 105303500 0 0
2305 105304500 0 0
2306 105305500 0 0
2307 105306500 0 0
2308 105307500 0 0
2309 105308500 0 0
2310 105309500 1 0
2311 105310500 0 0
2312 105311500 0 0
2313 105312500 0 0
2314 105313500 0 0
2315 105314500 0 0
2316 105315500 0 0
2317 105316500 0 0
2318 105317500 0 0
2319 105318500 0 0
2320 105319500 0 0
2321 105320500 0 0
2322 105321500 0 0
2323 105322500 0 0
2324 105323500 0 0
2325 105324500 0 0
2326 105325500 0 0
2327 105326500 0 0
2328 105327500 0 0
2329 105328500 0 0
2330 105329500 0 0
2331 105330500 0 0
2332 105331500 0 0
2333 105332500 0 0
2334 105333500 0 0
2335 105334500 0 0
2336 105335500 0 0
2337 105336500 0 0
2338 105337500 0 0
2339 105338500 0 0
2340 105339500 0 0
2341 105340500 0 0
2342 105341500 0 0
2343 105342500 0 0
2344 105343500 0 0
2345 105344500 0 0
2346 105345500 0 0
2347 105346500 0 0
2348 105347500 0 0
2349 105348500 0 0
2350 105349500 0 0
2351 105350500 0 0
2352 105351500 0 0
2353 105352500 0 0
2354 105353500 0 0
2355 105354500 0 0
2356 105355500 0 0
2357 105356500 0 0
2358 105357500 0 0
2359 105358500 0 0
2360 105359500 0 0
2361 105360500 0 0
2362 105361500 0 0
2363 105362500 0 1
2364 105363500 1 1
2365 105364500 0 1
2366 105365500 0 1
2367 105366500 0 1
2368 105367500 0 0
2369 105368500 0 0
2370 105369500 0 0
2371 105370500 0 0
2372 105371500 0 0
2373 105372500 0 0
2374 105373500 0 0
2375 105374500 0 0
2376 105375500 0 0
2377 105376500 0 0
2378 105377500 0 0
2379 105378500 0 0
2380 105379500 0 0
2381 105380500 0 0
2382 105381500 0 0
2383 105382500 0 0
2384 105383500 0 0
2385 105384500 0 0
2386 105385500 0 0
2387 105386500 0 0
2388 105387500 0 0
2389 105388500 0 0
2390 105389500 0 1
2391 105390500 0 1
2392 105391500 0 1
2393 105392500 1 1
2394 105393500 0 1
2395 105394500 0 0
2396 105395500 0 0
2397 105396500 0 0
2398 105397500 0 0
2399 105398500 0 0
2400 105399500 0 0
2401 105400500 0 0
2402 105401500 0 0
2403 105402500 0 0
2404 105403500 0 0
2405 105404500 0 0
2406 105405500 0 0
2407 105406500 0 0
2408 105407500 0 0
2409 105408500 0 0
2410 105409500 0 0
2411 105410500 0 0
2412 105411500 0 0
2413 105412500 0 0
2414 105413500 0 0
2415 105414500 0 0
2416 105415500 0 1
2417 105416500 1 1
2418 105417500 0 1
2419 105418500 0 0
2420 105419500 0 0
2421 105420500 0 0
2422 105421500 1 0
2423 105422500 0 0
2424 105423500 0 0
2425 105424500 0 0
2426 105425500 0 0
2427 105426500 0 0
2428 105427500 1 0
2429 105428500 0 0
2430 105429500 0 0
2431 105430500 0 0
2432 105431500 0 0
2433 105432500 0 0
2434 105433500 0 0
2435 105434500 0 0
2436 105435500 0 0
2437 105436500 0 0
2438 105437500 0 0
2439 105438500 0 0
2440 105439500 0 0
2441 105440500 0 0
2442 105441500 0 0
2443 105442500 0 0
2444 105443500 0 0
2445 105444500 1 0
2446 105445500 0 0
2447 105446500 0 0
2448 105447500 0 0
2449 105448500 0 0
2450 105449500 0 0
2451 105450500 0 0
2452 105451500 0 1
2453 105452500 0 1
2454 105453500 0 1
2455 105454500 0 0
2456 105455500 0 1
2457 105456500 0 1
2458 105457500 1 1
2459 105458500 0 1
2460 105459500 0 0
2461 105460500 0 0
2462 105461500 0 0
2463 105462500 0 0
2464 105463500 0 0
2465 105464500 0 0
2466 105465500 0 0
2467 105466500 0 0
2468 105467500 0 0
2469 105468500 0 0
2470 105469500 0 0
2471 105470500 0 0
2472 105471500 0 0
2473 105472500 0 0
2474 105473500 0 0
2475 105474500 0 0
2476 105475500 0 0
2477 105476500 0 0
2478 105477500 0 0
2479 105478500 0 0
2480 105479500 0 0
2481 105480500 0 0
2482 105481500 0 0
2483 105482500 0 0
2484 105483500 0 0
2485 105484500 0 0
2486 105485500 0 0
2487 105486500 0 0
2488 105487500 0 0
2489 105488500 0 0
2490 105489500 0 0
2491 105490500 0 0
2492 105491500 0 0
2493 105492500 0 0
2494 105493500 0 0
2495 105494500 0 0
2496 105495500 0 0
2497 105496500 0 1
2498 105497500 0 1
2499 105498500 0 1
2500 105499500 0 1
2501 105500500 0 1
2502 105501500 1 1
2503 105502500 0 1
2504 105503500 0 1
2505 105504500 0 1
2506 105505500 0 1
2507 105506500 0 1
2508 105507500 0 1
2509 105508500 0 1
2510 105509500 1 1
2511 105510500 0 1
2512 105511500 0 1
2513 105512500 0 1
2514 105513500 0 1
2515 105514500 0 1
2516 105515500 0 1
2517 105516500 1 1
2518 105517500 0 1
2519 105518500 0 1
2520 105519500 0 1
2521 105520500 1 1
2522 105521500 0 1
2523 105522500 0 1
2524 105523500 0 1
2525 105524500 0 1
2526 105525500 0 1
2527 105526500 0 1
2528 105527500 0 1
2529 105528500 0 1
2530 105529500 0 1
2531 105530500 0 1
2532 105531500 0 1
2533 105532500 0 1
2534 105533500 0 1
2535 105534500 0 1
2536 105535500 0 1
2537 105536500 0 1
2538 105537500 0 1
2539 105538500 0 1
2540 105539500 0 1
2541 105540500 0 1
2542 105541500 0 1
2543 105542500 0 1
2544 105543500 0 1
2545 105544500 0 1
2546 105545500 0 1
2547 105546500 0 1
2548 105547500 0 1
2549 105548500 0 0
2550 105549500 0 0
2551 105550500 0 0
2552 105551500 0 0
2553 105552500 0 0
2554 105553500 0 0
2555 105554500 0 0
2556 105555500 0 1
2557 105556500 0 0
2558 105557500 0 0
2559 105558500 0 1
2560 105559500 0 1
2561 105560500 0 1
2562 105561500 0 1
2563 105562500 0 0
2564 105563500 0 0
2565 105564500 0 0
2566 105565500 0 0
2567 105566500 0 0
2568 105567500 0 0
2569 105568500 0 0
2570 105569500 0 0
2571 105570500 0 0
2572 105571500 0 1
2573 105572500 0 1
2574 105573500 0 1
2575 105574500 0 1
2576 105575500 0 0
2577 105576500 0 1
2578 105577500 0 1
2579 105578500 0 1
2580 105579500 0 1
2581 105580500 0 1
2582 105581500 0 1
2583 105582500 0 1
2584 105583500 0 1
2585 105584500 0 1
2586 105585500 0 0
2587 105586500 0 1
2588 105587500 0 1
2589 105588500 0 1
2590 105589500 0 1
2591 105590500 0 1
2592 105591500 0 1
2593 105592500 0 1
2594 105593500 0 0
2595 105594500 0 1
2596 105595500 0 0
2597 105596500 0 0
2598 105597500 0 0
2599 105598500 0 0
2600 105599500 0 0
2601 105600500 0 0
2602 105601500 0 0
2603 105602500 0 0
2604 105603500 0 0
2605 105604500 0 0
2606 105605500 0 0
2607 105606500 0 0
2608 105607500 0 0
2609 105608500 0 0
2610 105609500 0 0
2611 105610500 0 0
2612 105611500 0 0
2613 105612500 0 0
2614 105613500 0 0
2615 105614500 0 0
2616 105615500 0 0
2617 105616500 0 0
2618 105617500 0 0
2619 105618500 0 0
2620 105619500 0 0
2621 105620500 0 0
2622 105621500 0 0
2623 105622500 0 0
2624 105623500 0 0
2625 105624500 0 0
2626 105625500 0 0
2627 105626500 0 0
2628 105627500 0 0
2629 105628500 0 0
2630 105629500 0 0
2631 105630500 0 0
2632 105631500 0 1
2633 105632500 0 1
2634 105633500 0 1
2635 105634500 0 0
2636 105635500 0 1
2637 105636500 0 1
2638 105637500 0 0
2639 105638500 0 1
2640 105639500 0 1
2641 105640500 0 1
2642 105641500 0 1
2643 105642500 0 1
2644 105643500 0 0
2645 105644500 0 1
2646 105645500 0 0
2647 105646500 0 1
2648 105647500 0 0
2649 105648500 0 0
2650 105649500 0 0
2651 105650500 0 0
2652 105651500 0 0
2653 105652500 0 0
2654 105653500 0 0
2655 105654500 0 0
2656 105655500 1 0
2657 105656500 0 0
2658 105657500 0 0
2659 105658500 0 0
2660 105659500 0 0
2661 105660500 0 0
2662 105661500 0 0
2663 105662500 0 0
2664 105663500 0 0
2665 105664500 0 0
2666 105665500 0 0
2667 105666500 0 0
2668 105667500 0 0
2669 105668500 0 0
2670 105669500 0 0
2671 105670500 0 0
2672 105671500 0 0
2673 105672500 0 0
2674 105673500 0 0
2675 105674500 0 0
2676 105675500 0 0
2677 105676500 0 0
2678 105677500 0 0
2679 105678500 0 0
2680 105679500 0 0
2681 105680500 0 0
2682 105681500 0 0
2683 105682500 0 0
2684 105683500 0 0
2685 105684500 0 0
2686 105685500 0 0
2687 105686500 0 0
2688 105687500 0 0
2689 105688500 0 0
2690 105689500 0 0
2691 105690500 0 0
2692 105691500 0 0
2693 105692500 0 0
2694 105693500 0 0
2695 105694500 0 0
2696 105695500 0 1
2697 105696500 0 0
2698 105697500 0 0
2699 105698500 0 0
2700 105699500 0 0
2701 105700500 0 0
2702 105701500 0 0
2703 105702500 0 0
2704 105703500 0 0
2705 105704500 1 0
2706 105705500 0 0
2707 105706500 0 0
2708 105707500 0 0
2709 105708500 0 0
2710 105709500 0 0
2711 105710500 0 0
2712 105711500 0 0
2713 105712500 0 0
2714 105713500 0 0
2715 105714500 0 0
2716 105715500 0 0
2717 105716500 0 0
2718 105717500 0 0
2719 105718500 0 0
2720 105719500 0 0
2721 105720500 0 0
2722 105721500 0 0
2723 105722500 0 0
2724 105723500 0 0
2725 105724500 0 0
2726 105725500 0 0
2727 105726500 0 0
2728 105727500 0 0
2729 105728500 0 0
2730 105729500 0 0
2731 105730500 0 0
2732 105731500 0 0
2733 105732500 0 0
2734 105733500 0 0
2735 105734500 0 0
2736 105735500 0 0
2737 105736500 0 0
2738 105737500 0 0
2739 105738500 0 0
2740 105739500 0 0
2741 105740500 0 0
2742 105741500 0 0
2743 105742500 0 0
2744 105743500 0 1
2745 105744500 0 1
2746 105745500 1 1
2747 105746500 0 1
2748 105747500 0 1
2749 105748500 0 0
2750 105749500 0 0
2751 105750500 0 0
2752 105751500 0 0
2753 105752500 0 1
2754 105753500 0 0
2755 105754500 0 0
2756 105755500 0 0
2757 105756500 0 0
2758 105757500 0 1
2759 105758500 0 1
2760 105759500 0 0
2761 105760500 0 0
2762 105761500 0 0
2763 105762500 0 0
2764 105763500 0 0
2765 105764500 0 0
2766 105765500 0 0
2767 105766500 0 0
2768 105767500 0 0
2769 105768500 0 0
2770 105769500 0 0
2771 105770500 0 0
2772 105771500 0 0
2773 105772500 0 0
2774 105773500 0 0
2775 105774500 0 0
2776 105775500 0 0
2777 105776500 0 0
2778 105777500 0 0
2779 105778500 0 0
2780 105779500 0 0
2781 105780500 0 1
2782 105781500 0 1
2783 105782500 0 1
2784 105783500 0 0
2785 105784500 0 0
2786 105785500 0 0
2787 105786500 0 0
2788 105787500 0 0
2789 105788500 0 0
2790 105789500 0 1
2791 105790500 1 1
2792 105791500 0 1
2793 105792500 0 1
2794 105793500 0 1
2795 105794500 0 1
2796 105795500 0 1
2797 105796500 0 1
2798 105797500 0 1
2799 105798500 0 1
2800 105799500 0 1
2801 105800500 0 1
2802 105801500 0 1
2803 105802500 0 1
2804 105803500 0 1
2805 105804500 0 1
2806 105805500 0 1
2807 105806500 0 1
2808 105807500 0 1
2809 105808500 0 1
2810 105809500 0 0
2811 105810500 0 1
2812 105811500 0 1
2813 105812500 0 1
2814 105813500 0 1
2815 105814500 0 1
2816 105815500 0 1
2817 105816500 0 1
2818 105817500 0 1
2819 105818500 0 1
2820 105819500 0 1
2821 105820500 0 1
2822 105821500 0 1
2823 105822500 0 1
2824 105823500 0 1
2825 105824500 0 1
2826 105825500 0 1
2827 105826500 0 1
2828 105827500 0 1
2829 105828500 0 1
2830 105829500 0 1
2831 105830500 0 0
2832 105831500 0 0
2833 105832500 0 0
2834 105833500 0 0
2835 105834500 0 0
2836 105835500 0 0
2837 105836500 0 0
2838 105837500 0 0
2839 105838500 0 0
2840 105839500 0 0
2841 105840500 0 0
2842 105841500 0 1
2843 105842500 0 1
2844 105843500 0 1
2845 105844500 1 1
2846 105845500 0 0
2847 105846500 0 0
2848 105847500 0 0
2849 105848500 0 0
2850 105849500 0 0
2851 105850500 0 0
2852 105851500 0 0
2853 105852500 0 0
2854 105853500 0 0
2855 105854500 0 0
2856 105855500 0 0
2857 105856500 0 0
2858 105857500 0 0
2859 105858500 0 0
2860 105859500 0 0
2861 105860500 0 0
2862 105861500 0 0
2863 105862500 0 0
2864 105863500 0 0
2865 105864500 0 0
2866 105865500 0 0
2867 105866500 0 0
2868 105867500 0 0
2869 105868500 0 0
2870 105869500 0 0
2871 105870500 0 0
2872 105871500 0 0
2873 105872500 0 0
2874 105873500 0 0
2875 105874500 0 0
2876 105875500 0 0
2877 105876500 0 0
2878 105877500 0 0
2879 105878500 0 0
2880 105879500 0 0
2881 105880500 0 0
2882 105881500 0 0
2883 105882500 0 0
2884 105883500 0 0
2885 105884500 0 0
2886 105885500 0 0
2887 105886500 0 0
2888 105887500 0 0
2889 105888500 0 0
2890 105889500 0 0
2891 105890500 0 0
2892 105891500 0 0
2893 105892500 0 0
2894 105893500 0 0
2895 105894500 0 0
2896 105895500 0 0
2897 105896500 0 0
2898 105897500 0 0
2899 105898500 0 0
2900 105899500 0 0
2901 105900500 0 0
2902 105901500 0 0
2903 105902500 0 0
2904 105903500 0 0
2905 105904500 0 0
2906 105905500 0 0
2907 105906500 0 0
2908 105907500 0 0
2909 105908500 0 0
2910 105909500 0 0
2911 105910500 0 0
2912 105911500 0 0
2913 105912500 0 0
2914 105913500 0 0
2915 105914500 0 0
2916 105915500 0 0
2917 105916500 0 0
2918 105917500 0 0
2919 105918500 0 0
2920 105919500 0 0
2921 105920500 0 0
2922 105921500 0 0
2923 105922500 0 1
2924 105923500 0 0
2925 105924500 0 0
2926 105925500 0 0
2927 105926500 0 0
2928 105927500 0 0
2929 105928500 0 0
2930 105929500 0 0
2931 105930500 0 0
2932 105931500 0 0
2933 105932500 0 0
2934 105933500 0 0
2935 105934500 0 0
2936 105935500 0 0
2937 105936500 0 0
2938 105937500 0 0
2939 105938500 0 0
2940 105939500 0 0
2941 105940500 0 0
2942 105941500 0 0
2943 105942500 0 0
2944 105943500 0 0
2945 105944500 0 0
2946 105945500 0 0
2947 105946500 0 0
2948 105947500 0 0
2949 105948500 0 0
2950 105949500 0 0
2951 105950500 0 0
2952 105951500 0 0
2953 105952500 0 0
2954 105953500 0 0
2955 105954500 0 0
2956 105955500 0 0
2957 105956500 0 0
2958 105957500 0 0
2959 105958500 0 0
2960 105959500 0 0
2961 105960500 0 0
2962 105961500 0 0
2963 105962500 0 0
2964 105963500 0 0
2965 105964500 0 0
2966 105965500 0 0
2967 105966500 0 0
2968 105967500 0 0
2969 105968500 0 0
2970 105969500 0 0
2971 105970500 0 0
2972 105971500 0 0
2973 105972500 0 0
2974 105973500 0 0
2975 105974500 0 0
2976 105975500 0 0
2977 105976500 0 0
2978 105977500 0 0
2979 105978500 0 0
2980 105979500 0 0
2981 105980500 0 0
2982 105981500 0 0
2983 105982500 0 0
2984 105983500 0 0
2985 105984500 0 0
2986 105985500 0 0
2987 105986500 0 0
2988 105987500 0 0
2989 105988500 0 0
2990 105989500 0 0
2991 105990500 0 0
2992 105991500 0 0
2993 105992500 0 0
2994 105993500 0 0
2995 105994500 0 0
2996 105995500 0 0
2997 105996500 0 0
2998 105997500 0 0
2999 105998500 0 0
3000 105999500 0 0
3001 106000500 0 0
3002 106001500 0 0
3003 106002500 0 0
3004 106003500 0 0
3005 106004500 0 0
3006 106005500 0 0
3007 106006500 0 0
3008 106007500 0 0
3009 106008500 0 0
3010 106009500 0 0
3011 106010500 0 0
3012 106011500 0 0
3013 106012500 0 0
3014 106013500 0 0
3015 106014500 0 0
3016 106015500 0 0
3017 106016500 0 0
3018 106017500 0 0
3019 106018500 0 0
3020 106019500 0 0
3021 106020500 0 0
3022 106021500 0 0
3023 106022500 0 1
3024 106023500 0 0
3025 106024500 0 0
3026 106025500 0 0
3027 106026500 0 0
3028 106027500 0 0
3029 106028500 0 0
3030 106029500 0 0
3031 106030500 0 0
3032 106031500 0 0
3033 106032500 0 0
3034 106033500 0 1
3035 106034500 0 1
3036 106035500 1 1
3037 106036500 0 0
3038 106037500 0 0
3039 106038500 0 0
3040 106039500 0 0
3041 106040500 0 0
3042 106041500 0 0
3043 106042500 0 0
3044 106043500 0 0
3045 106044500 0 0
3046 106045500 0 0
3047 106046500 0 0
3048 106047500 0 0
3049 106048500 0 0
3050 106049500 0 0
3051 106050500 0 0
3052 106051500 0 0
3053 106052500 0 0
3054 106053500 0 0
3055 106054500 0 0
3056 106055500 0 0
3057 106056500 0 0
3058 106057500 0 0
3059 106058500 0 0
3060 106059500 0 0
3061 106060500 0 0
3062 106061500 0 0
3063 106062500 0 0
3064 106063500 0 0
3065 106064500 0 0
3066 106065500 0 0
3067 106066500 0 0
3068 106067500 0 0
3069 106068500 0 0
3070 106069500 0 0
3071 106070500 0 0
3072 106071500 0 0
3073 106072500 0 0
3074 106073500 1 0
3075 106074500 0 0
3076 106075500 0 0
3077 106076500 0 0
3078 106077500 0 0
3079 106078500 0 0
3080 106079500 0 0
3081 106080500 0 0
3082 106081500 0 0
3083 106082500 0 0
3084 106083500 0 0
3085 106084500 0 0
3086 106085500 0 0
3087 106086500 0 0
3088 106087500 0 0
3089 106088500 0 0
3090 106089500 0 0
3091 106090500 0 0
3092 106091500 0 0
3093 106092500 0 0
3094 106093500 0 0
3095 106094500 0 0
3096 106095500 0 1
3097 106096500 0 1
3098 106097500 0 0
3099 106098500 0 0
3100 106099500 0 0
3101 106100500 0 0
3102 106101500 0 0
3103 106102500 0 0
3104 106103500 0 0
3105 106104500 0 0
3106 106105500 0 0
3107 106106500 0 0
3108 106107500 0 0
3109 106108500 0 0
3110 106109500 0 0
3111 106110500 0 0
3112 106111500 0 0
3113 106112500 0 0
3114 106113500 0 0
3115 106114500 0 0
3116 106115500 0 0
3117 106116500 0 0
3118 106117500 0 0
3119 106118500 0 0
3120 106119500 0 0
3121 106120500 0 0
3122 106121500 0 0
3123 106122500 0 0
3124 106123500 0 0
3125 106124500 0 0
3126 106125500 0 0
3127 106126500 0 0
3128 106127500 0 0
3129 106128500 0 0
3130 106129500 0 0
3131 106130500 0 0
3132 106131500 0 0
3133 106132500 0 0
3134 106133500 0 0
3135 106134500 0 0
3136 106135500 0 0
3137 106136500 0 0
3138 106137500 0 0
3139 106138500 0 0
3140 106139500 0 0
3141 106140500 0 0
3142 106141500 0 0
3143 106142500 0 0
3144 106143500 0 0
3145 106144500 0 0
3146 106145500 0 0
3147 106146500 0 0
3148 106147500 0 0
3149 106148500 0 0
3150 106149500 0 0
3151 106150500 0 0
3152 106151500 0 0
3153 106152500 0 0
3154 106153500 0 0
3155 106154500 0 0
3156 106155500 0 0
3157 106156500 0 0
3158 106157500 0 0
3159 106158500 0 0
3160 106159500 0 0
3161 106160500 0 0
3162 106161500 0 0
3163 106162500 0 0
3164 106163500 0 0
3165 106164500 0 0
3166 106165500 0 0
3167 106166500 0 0
3168 106167500 0 0
3169 106168500 0 0
3170 106169500 0 0
3171 106170500 0 0
3172 106171500 0 0
3173 106172500 0 0
3174 106173500 0 0
3175 106174500 0 0
3176 106175500 0 0
3177 106176500 0 0
3178 106177500 0 0
3179 106178500 0 0
3180 106179500 0 0
3181 106180500 0 0
3182 106181500 0 0
3183 106182500 0 0
3184 106183500 0 0
3185 106184500 0 0
3186 106185500 0 0
3187 106186500 0 0
3188 106187500 0 0
3189 106188500 0 0
3190 106189500 0 0
3191 106190500 0 0
3192 106191500 0 0
3193 106192500 0 0
3194 106193500 0 0
3195 106194500 0 0
3196 106195500 0 0
3197 106196500 1 0
3198 106197500 0 0
3199 106198500 0 0
3200 106199500 0 0
3201 106200500 0 0
3202 106201500 0 0
3203 106202500 0 0
3204 106203500 0 0
3205 106204500 0 0
3206 106205500 0 0
3207 106206500 0 0
3208 106207500 0 0
3209 106208500 0 0
3210 106209500 0 0
3211 106210500 0 0
3212 106211500 0 0
3213 106212500 0 0
3214 106213500 0 0
3215 106214500 0 0
3216 106215500 0 0
3217 106216500 0 0
3218 106217500 0 0
3219 106218500 0 0
3220 106219500 0 0
3221 106220500 0 0
3222 106221500 0 0
3223 106222500 0 0
3224 106223500 0 0
3225 106224500 0 0
3226 106225500 0 0
3227 106226500 0 0
3228 106227500 0 0
3229 106228500 0 0
3230 106229500 0 0
3231 106230500 0 0
3232 106231500 0 0
3233 106232500 0 0
3234 106233500 0 0
3235 106234500 0 0
3236 106235500 0 0
3237 106236500 0 0
3238 106237500 0 0
3239 106238500 0 0
3240 106239500 0 0
3241 106240500 0 0
3242 106241500 0 0
3243 106242500 0 0
3244 106243500 0 0
3245 106244500 0 0
3246 106245500 0 0
3247 106246500 0 0
3248 106247500 0 0
3249 106248500 0 0
3250 106249500 0 0
3251 106250500 0 0
3252 106251500 0 0
3253 106252500 0 0
3254 106253500 0 0
3255 106254500 0 0
3256 106255500 0 0
3257 106256500 0 0
3258 106257500 0 0
3259 106258500 0 0
3260 106259500 0 0
3261 106260500 0 0
3262 106261500 0 0
3263 106262500 0 0
3264 106263500 0 0
3265 106264500 0 0
3266 106265500 0 0
3267 106266500 0 0
3268 106267500 0 0
3269 106268500 0 0
3270 106269500 0 0
3271 106270500 0 0
3272 106271500 0 0
3273 106272500 0 0
3274 106273500 0 0
3275 106274500 0 0
3276 106275500 0 1
3277 106276500 0 1
3278 106277500 0 0
3279 106278500 0 0
3280 106279500 0 0
3281 106280500 0 0
3282 106281500 0 0
3283 106282500 0 0
3284 106283500 0 0
3285 106284500 0 0
3286 106285500 0 0
3287 106286500 0 0
3288 106287500 0 0
3289 106288500 0 0
3290 106289500 0 0
3291 106290500 0 0
3292 106291500 0 0
3293 106292500 0 0
3294 106293500 0 0
3295 106294500 0 0
3296 106295500 0 0
3297 106296500 0 0
3298 106297500 0 0
3299 106298500 0 0
3300 106299500 0 0
3301 106300500 0 0
3302 106301500 0 0
3303 106302500 0 0
3304 106303500 0 0
3305 106304500 0 0
3306 106305500 0 0
3307 106306500 0 0
3308 106307500 0 0
3309 106308500 0 0
3310 106309500 0 0
3311 106310500 0 0
3312 106311500 0 0
3313 106312500 0 0
3314 106313500 0 0
3315 106314500 0 0
3316 106315500 0 0
3317 106316500 0 0
3318 106317500 0 0
3319 106318500 0 0
3320 106319500 0 0
3321 106320500 0 0
3322 106321500 0 0
3323 106322500 0 0
3324 106323500 0 0
3325 106324500 0 0
3326 106325500 0 0
3327 106326500 0 0
3328 106327500 0 0
3329 106328500 0 0
3330 106329500 0 0
3331 106330500 0 0
3332 106331500 0 0
3333 106332500 0 0
3334 106333500 0 0
3335 106334500 0 0
3336 106335500 0 0
3337 106336500 0 0
3338 106337500 0 0
3339 106338500 0 0
3340 106339500 0 0
3341 106340500 0 0
3342 106341500 0 0
3343 106342500 0 0
3344 106343500 0 0
3345 106344500 0 0
3346 106345500 0 0
3347 106346500 0 0
3348 106347500 0 0
3349 106348500 0 0
3350 106349500 0 0
3351 106350500 0 0
3352 106351500 0 0
3353 106352500 0 0
3354 106353500 0 0
3355 106354500 0 0
3356 106355500 0 0
3357 106356500 0 0
3358 106357500 0 0
3359 106358500 0 0
3360 106359500 0 0
3361 106360500 0 0
3362 106361500 0 0
3363 106362500 0 0
3364 106363500 0 0
3365 106364500 0 0
3366 106365500 0 0
3367 106366500 0 0
3368 106367500 0 0
3369 106368500 0 0
3370 106369500 0 0
3371 106370500 0 0
3372 106371500 0 0
3373 106372500 0 0
3374 106373500 0 0
3375 106374500 0 0
3376 106375500 0 0
3377 106376500 0 0
3378 106377500 0 0
3379 106378500 0 0
3380 106379500 0 0
3381 106380500 0 0
3382 106381500 0 0
3383 106382500 0 0
3384 106383500 0 0
3385 106384500 0 0
3386 106385500 0 0
3387 106386500 0 0
3388 106387500 0 0
3389 106388500 0 0
3390 106389500 0 0
3391 106390500 0 0
3392 106391500 0 0
3393 106392500 0 0
3394 106393500 0 0
3395 106394500 0 0
3396 106395500 1 0
3397 106396500 0 0
3398 106397500 0 0
3399 106398500 0 0
3400 106399500 0 0
3401 106400500 0 0
3402 106401500 0 0
3403 106402500 0 0
3404 106403500 0 0
3405 106404500 0 0
3406 106405500 0 0
3407 106406500 0 0
3408 106407500 0 0
3409 106408500 0 0
3410 106409500 0 0
3411 106410500 0 0
3412 106411500 0 0
3413 106412500 0 0
3414 106413500 0 0
3415 106414500 0 0
3416 106415500 0 0
3417 106416500 0 0
3418 106417500 0 0
3419 106418500 0 0
3420 106419500 0 0
3421 106420500 0 0
3422 106421500 0 0
3423 106422500 0 0
3424 106423500 0 0
3425 106424500 0 0
3426 106425500 0 0
3427 106426500 0 0
3428 106427500 0 0
3429 106428500 0 0
3430 106429500 0 0
3431 106430500 0 0
3432 106431500 0 0
3433 106432500 0 0
3434 106433500 0 0
3435 106434500 0 0
3436 106435500 0 0
3437 106436500 0 0
3438 106437500 0 0
3439 106438500 0 0
3440 106439500 0 0
3441 106440500 0 0
3442 106441500 0 0
3443 106442500 0 0
3444 106443500 0 0
3445 106444500 0 0
3446 106445500 0 0
3447 106446500 0 0
3448 106447500 0 0
3449 106448500 0 0
3450 106449500 0 0
3451 106450500 0 0
3452 106451500 0 0
3453 106452500 0 0
3454 106453500 0 0
3455 106454500 0 0
3456 106455500 0 0
3457 106456500 0 0
3458 106457500 0 0
3459 106458500 0 0
3460 106459500 0 0
3461 106460500 0 0
3462 106461500 0 0
3463 106462500 0 0
3464 106463500 0 0
3465 106464500 0 0
3466 106465500 0 0
3467 106466500 0 0
3468 106467500 0 0
3469 106468500 0 0
3470 106469500 0 0
3471 106470500 0 0
3472 106471500 0 0
3473 106472500 0 0
3474 106473500 0 0
3475 106474500 0 0
3476 106475500 0 0
3477 106476500 0 0
3478 106477500 0 0
3479 106478500 0 0
3480 106479500 0 0
3481 106480500 0 0
3482 106481500 0 0
3483 106482500 0 0
3484 106483500 0 0
3485 106484500 0 0
3486 106485500 0 0
3487 106486500 0 0
3488 106487500 0 0
3489 106488500 0 0
3490 106489500 0 1
3491 106490500 0 1
3492 106491500 1 0
3493 106492500 0 0
3494 106493500 0 0
3495 106494500 0 0
3496 106495500 0 0
3497 106496500 0 0
3498 106497500 0 0
3499 106498500 0 0
3500 106499500 0 0
3501 106500500 0 0
3502 106501500 0 0
3503 106502500 0 0
3504 106503500 0 0
3505 106504500 0 0
3506 106505500 0 0
3507 106506500 0 0
3508 106507500 0 0
3509 106508500 0 0
3510 106509500 0 0
3511 106510500 0 0
3512 106511500 0 0
3513 106512500 0 0
3514 106513500 0 0
3515 106514500 0 0
3516 106515500 0 0
3517 106516500 0 0
3518 106517500 0 0
3519 106518500 0 0
3520 106519500 0 0
3521 106520500 0 0
3522 106521500 0 0
3523 106522500 0 0
3524 106523500 0 0
3525 106524500 0 0
3526 106525500 0 0
3527 106526500 0 0
3528 106527500 0 0
3529 106528500 0 0
3530 106529500 0 0
3531 106530500 0 0
3532 106531500 0 0
3533 106532500 0 0
3534 106533500 0 1
3535 106534500 0 1
3536 106535500 1 0
3537 106536500 0 0
3538 106537500 0 0
3539 106538500 0 0
3540 106539500 0 0
3541 106540500 0 0
3542 106541500 0 0
3543 106542500 0 0
3544 106543500 0 0
3545 106544500 0 0
3546 106545500 0 0
3547 106546500 0 0
3548 106547500 0 0
3549 106548500 0 0
3550 106549500 0 0
3551 106550500 0 0
3552 106551500 0 0
3553 106552500 0 0
3554 106553500 0 0
3555 106554500 0 0
3556 106555500 0 0
3557 106556500 0 0
3558 106557500 0 0
3559 106558500 0 0
3560 106559500 0 0
3561 106560500 0 0
3562 106561500 0 0
3563 106562500 0 0
3564 106563500 0 0
3565 106564500 0 0
3566 106565500 0 0
3567 106566500 0 0
3568 106567500 0 0
3569 106568500 0 0
3570 106569500 0 0
3571 106570500 0 0
3572 106571500 0 0
3573 106572500 0 0
3574 106573500 0 0
3575 106574500 0 0
3576 106575500 0 0
3577 106576500 0 0
3578 106577500 0 0
3579 106578500 0 0
3580 106579500 0 0
3581 106580500 0 0
3582 106581500 0 0
3583 106582500 0 0
3584 106583500 0 0
3585 106584500 0 0
3586 106585500 0 0
3587 106586500 0 0
3588 106587500 0 0
3589 106588500 0 0
3590 106589500 0 0
3591 106590500 0 0
3592 106591500 0 0
3593 106592500 0 0
3594 106593500 0 0
3595 106594500 0 0
3596 106595500 0 0
3597 106596500 0 0
3598 106597500 0 0
3599 106598500 0 0
3600 106599500 0 0
3601 106600500 0 0
3602 106601500 0 0
3603 106602500 0 0
3604 106603500 0 0
3605 106604500 0 0
3606 106605500 0 0
3607 106606500 0 0
3608 106607500 0 0
3609 106608500 0 0
3610 106609500 0 0
3611 106610500 0 0
3612 106611500 0 0
3613 106612500 0 0
3614 106613500 0 0
3615 106614500 0 0
3616 106615500 0 0
3617 106616500 0 0
3618 106617500 0 0
3619 106618500 0 0
3620 106619500 0 0
3621 106620500 0 0
3622 106621500 0 0
3623 106622500 0 0
3624 106623500 0 0
3625 106624500 0 0
3626 106625500 0 0
3627 106626500 0 0
3628 106627500 0 0
3629 106628500 0 0
3630 106629500 0 1
3631 106630500 1 1
3632 106631500 0 1
3633 106632500 0 0
3634 106633500 0 0
3635 106634500 0 0
3636 106635500 0 0
3637 106636500 0 0
3638 106637500 0 0
3639 106638500 0 0
3640 106639500 0 0
3641 106640500 0 0
3642 106641500 0 0
3643 106642500 0 0
3644 106643500 0 0
3645 106644500 0 0
3646 106645500 0 0
3647 106646500 0 0
3648 106647500 0 0
3649 106648500 0 0
3650 106649500 0 0
3651 106650500 0 0
3652 106651500 0 0
3653 106652500 0 0
3654 106653500 0 0
3655 106654500 0 0
3656 106655500 0 0
3657 106656500 0 0
3658 106657500 0 0
3659 106658500 0 0
3660 106659500 0 0
3661 106660500 0 0
3662 106661500 0 0
3663 106662500 0 0
3664 106663500 0 0
3665 106664500 0 0
3666 106665500 0 0
3667 106666500 0 0
3668 106667500 0 0
3669 106668500 0 0
3670 106669500 0 0
3671 106670500 0 0
3672 106671500 0 0
3673 106672500 0 0
3674 106673500 0 0
3675 106674500 0 0
3676 106675500 0 0
3677 106676500 0 0
3678 106677500 0 0
3679 106678500 0 0
3680 106679500 0 0
3681 106680500 0 0
3682 106681500 0 0
3683 106682500 0 0
3684 106683500 0 0
3685 106684500 0 0
3686 106685500 0 0
3687 106686500 0 0
3688 106687500 0 0
3689 106688500 0 0
3690 106689500 0 0
3691 106690500 0 0
3692 106691500 0 0
3693 106692500 0 0
3694 106693500 0 0
3695 106694500 0 0
3696 106695500 0 0
3697 106696500 0 0
3698 106697500 0 0
3699 106698500 0 0
3700 106699500 0 0
3701 106700500 0 0
3702 106701500 0 0
3703 106702500 0 0
3704 106703500 0 0
3705 106704500 0 0
3706 106705500 0 0
3707 106706500 0 0
3708 106707500 0 0
3709 106708500 0 0
3710 106709500 0 0
3711 106710500 0 0
3712 106711500 0 0
3713 106712500 0 0
3714 106713500 0 0
3715 106714500 0 0
3716 106715500 0 0
3717 106716500 0 0
3718 106717500 0 0
3719 106718500 0 0
3720 106719500 0 0
3721 106720500 0 0
3722 106721500 0 0
3723 106722500 0 0
3724 106723500 0 0
3725 106724500 0 0
3726 106725500 0 0
3727 106726500 0 0
3728 106727500 0 0
3729 106728500 0 0
3730 106729500 0 0
3731 106730500 0 0
3732 106731500 0 0
3733 106732500 0 0
3734 106733500 0 0
3735 106734500 0 0
3736 106735500 0 0
3737 106736500 0 0
3738 106737500 0 0
3739 106738500 0 0
3740 106739500 0 0
3741 106740500 0 0
3742 106741500 0 0
3743 106742500 0 0
3744 106743500 0 0
3745 106744500 0 0
3746 106745500 0 0
3747 106746500 0 0
3748 106747500 0 0
3749 106748500 0 0
3750 106749500 0 0
3751 106750500 0 0
3752 106751500 0 0
3753 106752500 0 0
3754 106753500 0 0
3755 106754500 0 0
3756 106755500 0 0
3757 106756500 0 0
3758 106757500 0 0
3759 106758500 0 0
3760 106759500 0 0
3761 106760500 0 0
3762 106761500 0 0
3763 106762500 0 0
3764 106763500 0 0
3765 106764500 0 0
3766 106765500 0 0
3767 106766500 0 0
3768 106767500 0 0
3769 106768500 0 0
3770 106769500 0 0
3771 106770500 0 0
3772 106771500 0 0
3773 106772500 0 0
3774 106773500 0 0
3775 106774500 0 0
3776 106775500 0 0
3777 106776500 0 0
3778 106777500 0 0
3779 106778500 0 0
3780 106779500 0 0
3781 106780500 0 0
3782 106781500 0 0
3783 106782500 0 0
3784 106783500 0 0
3785 106784500 0 0
3786 106785500 0 0
3787 106786500 0 0
3788 106787500 0 0
3789 106788500 0 0
3790 106789500 0 0
3791 106790500 0 0
3792 106791500 0 0
3793 106792500 0 0
3794 106793500 0 0
3795 106794500 0 0
3796 106795500 0 0
3797 106796500 0 0
3798 106797500 0 0
3799 106798500 0 0
3800 106799500 0 0
3801 106800500 0 0
3802 106801500 0 0
3803 106802500 0 0
3804 106803500 0 0
3805 106804500 0 0
3806 106805500 0 0
3807 106806500 0 0
3808 106807500 0 0
3809 106808500 0 0
3810 106809500 0 0
3811 106810500 0 0
3812 106811500 0 0
3813 106812500 0 1
3814 106813500 0 1
3815 106814500 0 1
3816 106815500 1 1
3817 106816500 0 0
3818 106817500 0 0
3819 106818500 0 0
3820 106819500 0 0
3821 106820500 0 0
3822 106821500 0 0
3823 106822500 0 0
3824 106823500 0 0
3825 106824500 0 0
3826 106825500 0 0
3827 106826500 0 0
3828 106827500 0 0
3829 106828500 0 0
3830 106829500 0 0
3831 106830500 0 0
3832 106831500 0 0
3833 106832500 0 0
3834 106833500 0 0
3835 106834500 0 0
3836 106835500 0 0
3837 106836500 0 0
3838 106837500 0 0
3839 106838500 0 0
3840 106839500 0 0
3841 106840500 0 0
3842 106841500 0 0
3843 106842500 0 0
3844 106843500 0 0
3845 106844500 0 0
3846 106845500 0 0
3847 106846500 0 0
3848 106847500 0 0
3849 106848500 0 0
3850 106849500 0 0
3851 106850500 0 0
3852 106851500 0 0
3853 106852500 0 0
3854 106853500 0 0
3855 106854500 0 0
3856 106855500 0 0
3857 106856500 0 0
3858 106857500 0 0
3859 106858500 0 0
3860 106859500 0 0
3861 106860500 0 0
3862 106861500 0 0
3863 106862500 0 0
3864 106863500 0 0
3865 106864500 0 0
3866 106865500 0 0
3867 106866500 0 0
3868 106867500 0 0
3869 106868500 0 0
3870 106869500 0 0
3871 106870500 0 0
3872 106871500 0 0
3873 106872500 0 0
3874 106873500 0 0
3875 106874500 0 0
3876 106875500 0 0
3877 106876500 0 0
3878 106877500 0 0
3879 106878500 0 0
3880 106879500 0 0
3881 106880500 0 0
3882 106881500 0 0
3883 106882500 0 0
3884 106883500 0 0
3885 106884500 0 0
3886 106885500 0 0
3887 106886500 0 0
3888 106887500 0 0
3889 106888500 0 0
3890 106889500 0 0
3891 106890500 0 0
3892 106891500 0 0
3893 106892500 0 0
3894 106893500 0 0
3895 106894500 0 0
3896 106895500 0 0
3897 106896500 0 0
3898 106897500 0 0
3899 106898500 0 0
3900 106899500 0 0
3901 106900500 0 0
3902 106901500 0 0
3903 106902500 0 0
3904 106903500 0 0
3905 106904500 0 0
3906 106905500 0 0
3907 106906500 0 0
3908 106907500 0 0
3909 106908500 0 0
3910 106909500 0 0
3911 106910500 0 0
3912 106911500 0 0
3913 106912500 0 0
3914 106913500 0 0
3915 106914500 0 0
3916 106915500 0 0
3917 106916500 0 0
3918 106917500 0 0
3919 106918500 0 0
3920 106919500 0 0
3921 106920500 0 0
3922 106921500 0 0
3923 106922500 0 0
3924 106923500 0 0
3925 106924500 0 0
3926 106925500 0 0
3927 106926500 0 0
3928 106927500 0 0
3929 106928500 0 0
3930 106929500 0 0
3931 106930500 0 0
3932 106931500 0 0
3933 106932500 0 0
3934 106933500 0 0
3935 106934500 0 0
3936 106935500 0 0
3937 106936500 0 0
3938 106937500 0 0
3939 106938500 0 0
3940 106939500 0 0
3941 106940500 0 0
3942 106941500 0 0
3943 106942500 0 0
3944 106943500 0 0
3945 106944500 0 0
3946 106945500 0 0
3947 106946500 0 0
3948 106947500 0 0
3949 106948500 0 0
3950 106949500 0 0
3951 106950500 0 0
3952 106951500 0 0
3953 106952500 0 0
3954 106953500 0 0
3955 106954500 0 0
3956 106955500 0 0
3957 106956500 0 0
3958 106957500 0 0
3959 106958500 0 0
3960 106959500 0 0
3961 106960500 0 0
3962 106961500 0 0
3963 106962500 0 0
3964 106963500 0 0
3965 106964500 0 0
3966 106965500 0 0
3967 106966500 0 0
3968 106967500 0 0
3969 106968500 0 0
3970 106969500 0 0
3971 106970500 0 0
3972 106971500 0 0
3973 106972500 0 0
3974 106973500 0 0
3975 106974500 0 0
3976 106975500 0 0
3977 106976500 0 0
3978 106977500 0 0
3979 106978500 0 0
3980 106979500 0 0
3981 106980500 0 0
3982 106981500 1 0
3983 106982500 0 0
3984 106983500 0 0
3985 106984500 0 0
3986 106985500 0 0
3987 106986500 0 0
3988 106987500 0 0
3989 106988500 0 0
3990 106989500 0 0
3991 106990500 0 0
3992 106991500 0 0
3993 106992500 0 0
3994 106993500 0 0
3995 106994500 0 0
3996 106995500 0 0
3997 106996500 0 0
3998 106997500 0 0
3999 106998500 0 0
4000 106999500 0 0
4001 107000500 0 0
4002 107001500 0 0
4003 107002500 0 0
4004 107003500 0 0
4005 107004500 0 0
4006 107005500 0 0
4007 107006500 0 0
4008 107007500 0 0
4009 107008500 0 0
4010 107009500 0 0
4011 107010500 0 0
4012 107011500 0 0
4013 107012500 0 0
4014 107013500 0 0
4015 107014500 0 0
4016 107015500 0 0
4017 107016500 0 0
4018 107017500 0 0
4019 107018500 0 0
4020 107019500 0 0
4021 107020500 0 0
4022 107021500 0 0
4023 107022500 0 0
4024 107023500 0 0
4025 107024500 0 0
4026 107025500 0 0
4027 107026500 0 0
4028 107027500 0 0
4029 107028500 0 0
4030 107029500 0 0
4031 107030500 0 0
4032 107031500 0 0
4033 107032500 0 0
4034 107033500 0 0
4035 107034500 0 0
4036 107035500 0 0
4037 107036500 0 0
4038 107037500 0 0
4039 107038500 0 0
4040 107039500 0 0
4041 107040500 0 0
4042 107041500 0 0
4043 107042500 0 0
4044 107043500 0 0
4045 107044500 0 0
4046 107045500 0 0
4047 107046500 0 0
4048 107047500 0 0
4049 107048500 0 0
4050 107049500 0 0
4051 107050500 0 0
4052 107051500 0 0
4053 107052500 0 0
4054 107053500 0 0
4055 107054500 0 0
4056 107055500 0 0
4057 107056500 0 0
4058 107057500 0 0
4059 107058500 0 0
4060 107059500 0 0
4061 107060500 0 0
4062 107061500 0 0
4063 107062500 0 0
4064 107063500 0 0
4065 107064500 0 0
4066 107065500 0 0
4067 107066500 0 0
4068 107067500 0 0
4069 107068500 0 0
4070 107069500 0 0
4071 107070500 0 0
4072 107071500 0 0
4073 107072500 0 0
4074 107073500 0 0
4075 107074500 0 0
4076 107075500 0 0
4077 107076500 0 0
4078 107077500 0 0
4079 107078500 0 0
4080 107079500 0 0
4081 107080500 0 0
4082 107081500 0 0
4083 107082500 0 0
4084 107083500 0 0
4085 107084500 0 0
4086 107085500 0 0
4087 107086500 0 0
4088 107087500 0 0
4089 107088500 0 0
4090 107089500 0 0
4091 107090500 0 0
4092 107091500 0 0
4093 107092500 0 0
4094 107093500 0 0
4095 107094500 0 0
4096 107095500 0 0
4097 107096500 0 0
4098 107097500 0 0
4099 107098500 0 0
4100 107099500 0 0
4101 107100500 0 0
4102 107101500 0 0
4103 107102500 0 0
4104 107103500 0 0
4105 107104500 0 0
4106 107105500 0 0
4107 107106500 0 0
4108 107107500 0 0
4109 107108500 0 0
4110 107109500 0 0
4111 107110500 0 0
4112 107111500 0 0
4113 107112500 0 0
4114 107113500 0 0
4115 107114500 0 0
4116 107115500 0 0
4117 107116500 0 0
4118 107117500 0 0
4119 107118500 0 0
4120 107119500 0 0
4121 107120500 0 0
4122 107121500 0 0
4123 107122500 0 0
4124 107123500 0 0
4125 107124500 0 0
4126 107125500 0 0
4127 107126500 0 0
4128 107127500 0 0
4129 107128500 0 0
4130 107129500 0 0
4131 107130500 0 0
4132 107131500 0 0
4133 107132500 0 0
4134 107133500 0 0
4135 107134500 0 0
4136 107135500 0 0
4137 107136500 0 0
4138 107137500 0 0
4139 107138500 0 0
4140 107139500 0 0
4141 107140500 0 0
4142 107141500 0 0
4143 107142500 0 0
4144 107143500 0 0
4145 107144500 0 0
4146 107145500 0 0
4147 107146500 0 0
4148 107147500 0 0
4149 107148500 0 0
4150 107149500 0 0
4151 107150500 0 0
4152 107151500 0 0
4153 107152500 0 0
4154 107153500 0 0
4155 107154500 0 0
4156 107155500 0 0
4157 107156500 0 0
4158 107157500 0 0
4159 107158500 0 0
4160 107159500 0 0
4161 107160500 0 0
4162 107161500 0 0
4163 107162500 0 0
4164 107163500 0 0
4165 107164500 0 0
4166 107165500 0 0
4167 107166500 0 0
4168 107167500 0 0
4169 107168500 0 0
4170 107169500 0 0
4171 107170500 0 0
4172 107171500 0 0
4173 107172500 0 0
4174 107173500 0 0
4175 107174500 0 0
4176 107175500 0 0
4177 107176500 0 0
4178 107177500 0 0
4179 107178500 0 0
4180 107179500 0 0
4181 107180500 0 0
4182 107181500 0 0
4183 107182500 0 0
4184 107183500 0 0
4185 107184500 0 0
4186 107185500 0 0
4187 107186500 0 0
4188 107187500 0 0
4189 107188500 0 0
4190 107189500 0 0
4191 107190500 0 0
4192 107191500 0 0
4193 107192500 0 0
4194 107193500 0 0
4195 107194500 0 0
4196 107195500 0 0
4197 107196500 0 0
4198 107197500 0 0
4199 107198500 0 0
4200 107199500 0 0
4201 107200500 0 0
4202 107201500 0 0
4203 107202500 0 0
4204 107203500 0 0
4205 107204500 0 0
4206 107205500 0 0
4207 107206500 0 0
4208 107207500 0 0
4209 107208500 0 0
4210 107209500 0 0
4211 107210500 0 0
4212 107211500 0 0
4213 107212500 0 0
4214 107213500 0 0
4215 107214500 0 0
4216 107215500 0 0
4217 107216500 0 0
4218 107217500 0 0
4219 107218500 0 0
4220 107219500 0 0
4221 107220500 0 0
4222 107221500 0 0
4223 107222500 0 0
4224 107223500 0 0
4225 107224500 0 0
4226 107225500 0 0
4227 107226500 0 0
4228 107227500 0 0
4229 107228500 0 0
4230 107229500 0 0
4231 107230500 0 0
4232 107231500 0 0
4233 107232500 0 0
4234 107233500 0 0
4235 107234500 0 0
4236 107235500 0 0
4237 107236500 0 0
4238 107237500 0 0
4239 107238500 0 0
4240 107239500 0 0
4241 107240500 0 0
4242 107241500 0 0
4243 107242500 0 0
4244 107243500 0 0
4245 107244500 0 0
4246 107245500 0 0
4247 107246500 0 0
4248 107247500 0 0
4249 107248500 0 0
4250 107249500 0 0
4251 107250500 0 0
4252 107251500 0 0
4253 107252500 0 0
4254 107253500 0 0
4255 107254500 0 0
4256 107255500 0 0
4257 107256500 0 0
4258 107257500 0 0
4259 107258500 0 0
4260 107259500 0 0
4261 107260500 0 0
4262 107261500 0 0
4263 107262500 0 0
4264 107263500 0 0
4265 107264500 0 0
4266 107265500 0 0
4267 107266500 0 0
4268 107267500 0 0
4269 107268500 0 0
4270 107269500 0 0
4271 107270500 0 0
4272 107271500 0 0
4273 107272500 0 0
4274 107273500 0 0
4275 107274500 0 0
4276 107275500 0 0
4277 107276500 0 0
4278 107277500 0 0
4279 107278500 0 0
4280 107279500 0 0
4281 107280500 0 0
4282 107281500 0 0
4283 107282500 0 0
4284 107283500 0 0
4285 107284500 0 0
4286 107285500 0 0
4287 107286500 0 0
4288 107287500 0 0
4289 107288500 0 0
4290 107289500 0 0
4291 107290500 0 0
4292 107291500 0 0
4293 107292500 0 0
4294 107293500 0 0
4295 107294500 0 0
4296 107295500 0 0
4297 107296500 0 0
4298 107297500 0 0
4299 107298500 0 0
4300 107299500 0 0
4301 107300500 0 0
4302 107301500 0 0
4303 107302500 0 0
4304 107303500 0 0
4305 107304500 0 0
4306 107305500 0 0
4307 107306500 0 0
4308 107307500 0 0
4309 107308500 0 0
4310 107309500 0 0
4311 107310500 0 0
4312 107311500 0 0
4313 107312500 0 0
4314 107313500 0 0
4315 107314500 0 0
4316 107315500 0 0
4317 107316500 0 0
4318 107317500 0 0
4319 107318500 0 0
4320 107319500 0 0
4321 107320500 0 0
4322 107321500 0 0
4323 107322500 0 0
4324 107323500 0 0
4325 107324500 0 0
4326 107325500 0 0
4327 107326500 0 0
4328 107327500 0 0
4329 107328500 0 0
4330 107329500 0 0
4331 107330500 0 0
4332 107331500 0 0
4333 107332500 0 0
4334 107333500 0 0
4335 107334500 0 0
4336 107335500 0 0
4337 107336500 0 0
4338 107337500 0 0
4339 107338500 0 0
4340 107339500 0 0
4341 107340500 0 0
4342 107341500 0 0
4343 107342500 0 0
4344 107343500 0 0
4345 107344500 0 0
4346 107345500 0 0
4347 107346500 0 0
4348 107347500 0 0
4349 107348500 0 0
4350 107349500 0 0
4351 107350500 0 0
4352 107351500 0 0
4353 107352500 0 0
4354 107353500 0 0
4355 107354500 0 0
4356 107355500 0 0
4357 107356500 0 0
4358 107357500 0 0
4359 107358500 0 0
4360 107359500 0 0
4361 107360500 0 0
4362 107361500 0 0
4363 107362500 0 0
4364 107363500 0 0
4365 107364500 0 0
4366 107365500 0 0
4367 107366500 0 0
4368 107367500 0 0
4369 107368500 0 0
4370 107369500 0 0
4371 107370500 0 0
4372 107371500 0 0
4373 107372500 0 0
4374 107373500 0 0
4375 107374500 0 0
4376 107375500 0 0
4377 107376500 0 0
4378 107377500 0 0
4379 107378500 0 0
4380 107379500 0 0
4381 107380500 0 0
4382 107381500 0 0
4383 107382500 0 0
4384 107383500 0 0
4385 107384500 0 0
4386 107385500 0 0
4387 107386500 0 0
4388 107387500 0 0
4389 107388500 0 0
4390 107389500 0 0
4391 107390500 0 0
4392 107391500 0 0
4393 107392500 0 0
4394 107393500 0 0
4395 107394500 0 0
4396 107395500 0 0
4397 107396500 0 0
4398 107397500 0 0
4399 107398500 0 0
4400 107399500 0 0
4401 107400500 0 0
4402 107401500 0 0
4403 107402500 0 0
4404 107403500 0 0
4405 107404500 0 0
4406 107405500 0 0
4407 107406500 0 0
4408 107407500 0 0
4409 107408500 0 0
4410 107409500 0 0
4411 107410500 0 0
4412 107411500 0 0
4413 107412500 0 0
4414 107413500 0 0
4415 107414500 0 0
4416 107415500 0 0
4417 107416500 0 0
4418 107417500 0 0
4419 107418500 0 0
4420 107419500 0 0
4421 107420500 0 0
4422 107421500 0 0
4423 107422500 0 0
4424 107423500 0 0
4425 107424500 0 0
4426 107425500 0 0
4427 107426500 0 0
4428 107427500 0 0
4429 107428500 0 0
4430 107429500 0 0
4431 107430500 0 0
4432 107431500 0 0
4433 107432500 0 0
4434 107433500 0 0
4435 107434500 0 0
4436 107435500 0 0
4437 107436500 0 0
4438 107437500 0 0
4439 107438500 0 0
4440 107439500 0 0
4441 107440500 0 0
4442 107441500 0 0
4443 107442500 0 0
4444 107443500 0 0
4445 107444500 0 0
4446 107445500 0 0
4447 107446500 0 0
4448 107447500 0 0
4449 107448500 0 0
4450 107449500 0 0
4451 107450500 0 0
4452 107451500 0 0
4453 107452500 0 0
4454 107453500 0 0
4455 107454500 0 0
4456 107455500 0 0
4457 107456500 0 0
4458 107457500 0 0
4459 107458500 0 0
4460 107459500 0 0
4461 107460500 0 0
4462 107461500 0 0
4463 107462500 0 0
4464 107463500 0 0
4465 107464500 0 0
4466 107465500 0 0
4467 107466500 0 0
4468 107467500 0 0
4469 107468500 0 0
4470 107469500 0 0
4471 107470500 0 0
4472 107471500 0 0
4473 107472500 0 0
4474 107473500 0 0
4475 107474500 0 0
4476 107475500 0 0
4477 107476500 0 0
4478 107477500 0 0
4479 107478500 0 0
4480 107479500 0 0
4481 107480500 0 0
4482 107481500 0 0
4483 107482500 0 0
4484 107483500 0 0
4485 107484500 0 0
4486 107485500 0 0
4487 107486500 0 0
4488 107487500 0 0
4489 107488500 0 0
4490 107489500 0 0
4491 107490500 0 0
4492 107491500 0 0
4493 107492500 0 0
4494 107493500 0 0
4495 107494500 0 0
4496 107495500 0 0
4497 107496500 0 0
4498 107497500 0 0
4499 107498500 0 0
4500 107499500 0 0
4501 107500500 0 0
4502 107501500 0 0
4503 107502500 0 0
4504 107503500 0 0
4505 107504500 0 0
4506 107505500 0 0
4507 107506500 0 0
4508 107507500 0 0
4509 107508500 0 0
4510 107509500 0 0
4511 107510500 0 0
4512 107511500 0 0
4513 107512500 0 0
4514 107513500 0 0
4515 107514500 0 0
4516 107515500 0 0
4517 107516500 0 0
4518 107517500 0 0
4519 107518500 0 0
4520 107519500 0 0
4521 107520500 0 0
4522 107521500 0 0
4523 107522500 0 0
4524 107523500 0 0
4525 107524500 0 0
4526 107525500 0 0
4527 107526500 0 0
4528 107527500 0 0
4529 107528500 0 0
4530 107529500 0 0
4531 107530500 0 0
4532 107531500 0 0
4533 107532500 0 0
4534 107533500 0 0
4535 107534500 0 0
4536 107535500 0 0
4537 107536500 0 0
4538 107537500 0 0
4539 107538500 0 0
4540 107539500 0 0
4541 107540500 0 0
4542 107541500 0 0
4543 107542500 0 0
4544 107543500 0 0
4545 107544500 0 0
4546 107545500 0 0
4547 107546500 0 0
4548 107547500 0 0
4549 107548500 0 0
4550 107549500 0 0
4551 107550500 0 0
4552 107551500 0 0
4553 107552500 0 0
4554 107553500 0 0
4555 107554500 0 0
4556 107555500 0 0
4557 107556500 0 0
4558 107557500 0 0
4559 107558500 0 0
4560 107559500 0 0
4561 107560500 0 0
4562 107561500 0 0
4563 107562500 0 0
4564 107563500 0 0
4565 107564500 0 0
4566 107565500 0 0
4567 107566500 0 0
4568 107567500 0 0
4569 107568500 0 0
4570 107569500 0 0
4571 107570500 0 0
4572 107571500 0 0
4573 107572500 0 0
4574 107573500 0 0
4575 107574500 0 0
4576 107575500 0 0
4577 107576500 0 0
4578 107577500 0 0
4579 107578500 0 0
4580 107579500 0 0
4581 107580500 0 0
4582 107581500 0 0
4583 107582500 0 0
4584 107583500 0 0
4585 107584500 0 0
4586 107585500 0 0
4587 107586500 0 0
4588 107587500 0 0
4589 107588500 0 0
4590 107589500 0 0
4591 107590500 0 0
4592 107591500 0 0
4593 107592500 0 0
4594 107593500 0 0
4595 107594500 0 0
4596 107595500 0 0
4597 107596500 0 0
4598 107597500 0 0
4599 107598500 0 0
4600 107599500 0 0
4601 107600500 0 0
4602 107601500 0 0
4603 107602500 0 0
4604 107603500 0 0
4605 107604500 0 0
4606 107605500 0 0
4607 107606500 0 0
4608 107607500 0 0
4609 107608500 0 0
4610 107609500 0 0
4611 107610500 0 0
4612 107611500 0 0
4613 107612500 0 0
4614 107613500 0 0
4615 107614500 0 0
4616 107615500 0 0
4617 107616500 0 0
4618 107617500 0 0
4619 107618500 0 0
4620 107619500 0 0
4621 107620500 0 0
4622 107621500 0 0
4623 107622500 0 0
4624 107623500 0 0
4625 107624500 0 0
4626 107625500 0 0
4627 107626500 0 0
4628 107627500 0 0
4629 107628500 0 0
4630 107629500 0 0
4631 107630500 0 0
4632 107631500 0 0
4633 107632500 0 0
4634 107633500 0 0
4635 107634500 0 0
4636 107635500 0 0
4637 107636500 0 0
4638 107637500 0 0
4639 107638500 0 0
4640 107639500 0 0
4641 107640500 0 0
4642 107641500 0 0
4643 107642500 0 0
4644 107643500 0 0
4645 107644500 0 0
4646 107645500 0 0
4647 107646500 0 0
4648 107647500 0 0
4649 107648500 0 0
4650 107649500 0 0
4651 107650500 0 0
4652 107651500 0 0
4653 107652500 0 0
4654 107653500 0 0
4655 107654500 0 0
4656 107655500 0 0
4657 107656500 0 0
4658 107657500 0 0
4659 107658500 0 0
4660 107659500 0 0
4661 107660500 0 0
4662 107661500 0 0
4663 107662500 0 0
4664 107663500 0 0
4665 107664500 0 0
4666 107665500 0 0
4667 107666500 0 0
4668 107667500 0 0
4669 107668500 0 0
4670 107669500 0 0
4671 107670500 0 0
4672 107671500 0 0
4673 107672500 0 0
4674 107673500 0 0
4675 107674500 0 0
4676 107675500 0 0
4677 107676500 0 0
4678 107677500 0 0
4679 107678500 0 0
4680 107679500 0 0
4681 107680500 0 0
4682 107681500 0 0
4683 107682500 0 0
4684 107683500 0 0
4685 107684500 0 0
4686 107685500 0 0
4687 107686500 0 0
4688 107687500 0 0
4689 107688500 0 0
4690 107689500 0 0
4691 107690500 0 0
4692 107691500 0 0
4693 107692500 0 0
4694 107693500 0 0
4695 107694500 0 0
4696 107695500 0 0
4697 107696500 0 0
4698 107697500 0 0
4699 107698500 0 0
4700 107699500 0 0
4701 107700500 0 0
4702 107701500 0 0
4703 107702500 0 0
4704 107703500 0 0
4705 107704500 0 0
4706 107705500 0 0
4707 107706500 0 0
4708 107707500 0 0
4709 107708500 0 0
4710 107709500 0 0
4711 107710500 0 0
4712 107711500 0 0
4713 107712500 0 0
4714 107713500 0 0
4715 107714500 0 0
4716 107715500 0 0
4717 107716500 0 0
4718 107717500 0 0
4719 107718500 0 0
4720 107719500 0 0
4721 107720500 0 0
4722 107721500 0 0
4723 107722500 0 0
4724 107723500 0 0
4725 107724500 0 0
4726 107725500 0 0
4727 107726500 0 0
4728 107727500 0 0
4729 107728500 0 0
4730 107729500 0 0
4731 107730500 0 0
4732 107731500 0 0
4733 107732500 0 0
4734 107733500 0 0
4735 107734500 0 0
4736 107735500 0 0
4737 107736500 0 0
4738 107737500 0 0
4739 107738500 0 0
4740 107739500 0 0
4741 107740500 0 0
4742 107741500 0 0
4743 107742500 0 0
4744 107743500 0 0
4745 107744500 0 0
4746 107745500 0 0
4747 107746500 0 0
4748 107747500 0 0
4749 107748500 0 0
4750 107749500 0 0
4751 107750500 0 0
4752 107751500 0 0
4753 107752500 0 0
4754 107753500 0 0
4755 107754500 0 0
4756 107755500 0 0
4757 107756500 0 0
4758 107757500 0 0
4759 107758500 0 0
4760 107759500 0 0
4761 107760500 0 0
4762 107761500 0 0
4763 107762500 0 0
4764 107763500 0 0
4765 107764500 0 0
4766 107765500 0 0
4767 107766500 0 0
4768 107767500 0 0
4769 107768500 0 0
4770 107769500 0 0
4771 107770500 0 0
4772 107771500 0 0
4773 107772500 0 0
4774 107773500 0 0
4775 107774500 0 0
4776 107775500 0 0
4777 107776500 0 0
4778 107777500 0 0
4779 107778500 0 0
4780 107779500 0 0
4781 107780500 0 0
4782 107781500 0 0
4783 107782500 0 0
4784 107783500 0 0
4785 107784500 0 0
4786 107785500 0 0
4787 107786500 0 0
4788 107787500 0 0
4789 107788500 0 0
4790 107789500 0 0
4791 107790500 0 0
4792 107791500 0 0
4793 107792500 0 0
4794 107793500 0 0
4795 107794500 0 0
4796 107795500 0 0
4797 107796500 0 0
4798 107797500 0 0
4799 107798500 0 0
4800 107799500 0 0
4801 107800500 0 0
4802 107801500 0 0
4803 107802500 0 0
4804 107803500 0 0
4805 107804500 0 0
4806 107805500 0 0
4807 107806500 0 0
4808 107807500 0 0
4809 107808500 0 0
4810 107809500 0 0
4811 107810500 0 0
4812 107811500 0 0
4813 107812500 0 0
4814 107813500 0 0
4815 107814500 0 0
4816 107815500 0 0
4817 107816500 0 0
4818 107817500 0 0
4819 107818500 0 0
4820 107819500 0 0
4821 107820500 0 0
4822 107821500 0 0
4823 107822500 0 0
4824 107823500 0 0
4825 107824500 0 0
4826 107825500 0 0
4827 107826500 0 0
4828 107827500 0 0
4829 107828500 0 0
4830 107829500 0 0
4831 107830500 0 0
4832 107831500 0 0
4833 107832500 0 0
4834 107833500 0 0
4835 107834500 0 0
4836 107835500 0 0
4837 107836500 0 0
4838 107837500 0 0
4839 107838500 0 0
4840 107839500 0 0
4841 107840500 0 0
4842 107841500 0 0
4843 107842500 0 0
4844 107843500 0 0
4845 107844500 0 0
4846 107845500 0 0
4847 107846500 0 0
4848 107847500 0 0
4849 107848500 0 0
4850 107849500 0 0
4851 107850500 0 0
4852 107851500 0 0
4853 107852500 0 0
4854 107853500 0 0
4855 107854500 0 0
4856 107855500 0 0
4857 107856500 0 0
4858 107857500 0 0
4859 107858500 0 0
4860 107859500 0 0
4861 107860500 0 0
4862 107861500 0 0
4863 107862500 0 0
4864 107863500 0 0
4865 107864500 0 0
4866 107865500 0 0
4867 107866500 0 0
4868 107867500 0 0
4869 107868500 0 0
4870 107869500 0 0
4871 107870500 0 0
4872 107871500 0 0
4873 107872500 0 0
4874 107873500 0 0
4875 107874500 0 0
4876 107875500 0 0
4877 107876500 0 0
4878 107877500 0 0
4879 107878500 0 0
4880 107879500 0 0
4881 107880500 0 0
4882 107881500 0 0
4883 107882500 0 0
4884 107883500 0 0
4885 107884500 0 0
4886 107885500 0 0
4887 107886500 0 0
4888 107887500 0 0
4889 107888500 0 0
4890 107889500 0 0
4891 107890500 0 0
4892 107891500 0 0
4893 107892500 0 0
4894 107893500 0 0
4895 107894500 0 0
4896 107895500 0 0
4897 107896500 0 0
4898 107897500 0 0
4899 107898500 0 0
4900 107899500 0 0
4901 107900500 0 0
4902 107901500 0 0
4903 107902500 0 0
4904 107903500 0 0
4905 107904500 0 0
4906 107905500 0 0
4907 107906500 0 0
4908 107907500 0 0
4909 107908500 0 0
4910 107909500 0 0
4911 107910500 0 0
4912 107911500 0 0
4913 107912500 0 0
4914 107913500 0 0
4915 107914500 0 0
4916 107915500 0 0
4917 107916500 0 0
4918 107917500 0 0
4919 107918500 0 0
4920 107919500 0 0
4921 107920500 0 0
4922 107921500 0 0
4923 107922500 0 0
4924 107923500 0 0
4925 107924500 0 0
4926 107925500 0 0
4927 107926500 0 0
4928 107927500 0 0
4929 107928500 0 0
4930 107929500 0 0
4931 107930500 0 0
4932 107931500 0 0
4933 107932500 0 0
4934 107933500 0 0
4935 107934500 0 0
4936 107935500 0 0
4937 107936500 0 0
4938 107937500 0 0
4939 107938500 0 0
4940 107939500 0 0
4941 107940500 0 0
4942 107941500 0 0
4943 107942500 0 0
4944 107943500 0 0
4945 107944500 0 0
4946 107945500 0 0
4947 107946500 0 0
4948 107947500 0 0
4949 107948500 0 0
4950 107949500 0 0
4951 107950500 0 0
4952 107951500 0 0
4953 107952500 0 0
4954 107953500 0 0
4955 107954500 0 0
4956 107955500 0 0
4957 107956500 0 0
4958 107957500 0 0
4959 107958500 0 0
4960 107959500 0 0
4961 107960500 0 0
4962 107961500 0 0
4963 107962500 0 0
4964 107963500 0 0
4965 107964500 0 0
4966 107965500 0 0
4967 107966500 0 0
4968 107967500 0 0
4969 107968500 0 0
4970 107969500 0 0
4971 107970500 0 0
4972 107971500 0 0
4973 107972500 0 0
4974 107973500 0 0
4975 107974500 0 0
4976 107975500 0 0
4977 107976500 0 0
4978 107977500 0 0
4979 107978500 0 0
4980 107979500 0 0
4981 107980500 0 0
4982 107981500 0 0
4983 107982500 0 0
4984 107983500 0 0
4985 107984500 0 0
4986 107985500 0 0
4987 107986500 0 0
4988 107987500 0 0
4989 107988500 0 0
4990 107989500 0 0
4991 107990500 0 0
4992 107991500 0 0
4993 107992500 0 0
4994 107993500 0 0
4995 107994500 0 0
4996 107995500 0 0
4997 107996500 0 0
4998 107997500 0 0
4999 107998500 0 0
5000 107999500 0 0
