1 2 1 3
2 2 2 4
3 2 3 5
4 2 4 6
5 2 5 7
6 2 6 8
7 2 29 31
8 2 30 32
9 2 31 33
10 2 32 34
11 2 33 35
12 2 34 36
13 2 38 40
14 2 64 66
15 2 65 67
16 2 66 68
17 2 67 69
18 2 68 70
19 2 72 74
20 2 73 75
21 2 74 76
22 2 75 77
23 2 76 78
24 2 191 193
25 2 192 194
26 2 193 195
27 2 194 196
28 2 195 197
29 2 196 198
30 2 197 199
31 2 198 200
32 2 199 201
33 2 200 202
34 2 201 203
35 2 202 204
36 2 203 205
37 2 204 206
38 2 205 207
39 2 206 208
40 2 207 209
41 2 208 210
42 2 209 211
43 2 210 212
44 2 211 213
45 2 212 214
46 2 213 215
47 2 214 216
48 2 215 217
49 2 216 218
50 2 217 219
51 2 218 220
52 2 219 221
53 2 220 222
54 2 221 223
55 2 222 224
56 2 223 225
57 2 224 226
58 2 225 227
59 2 226 228
60 2 227 229
61 2 228 230
62 2 229 231
63 2 230 232
64 2 231 233
65 2 232 234
66 2 233 235
67 2 234 236
68 2 235 237
69 2 236 238
70 2 237 239
71 2 238 240
72 2 239 241
73 2 240 242
74 2 241 243
75 2 242 244
76 2 243 245
77 2 244 246
78 2 245 247
79 2 246 248
80 2 247 249
81 2 248 250
82 2 249 251
83 2 250 252
84 2 251 253
85 2 252 254
86 2 253 255
87 2 254 256
88 2 255 257
89 2 256 258
90 2 257 259
91 2 258 260
92 2 259 261
93 2 260 262
94 2 261 263
95 2 262 264
96 2 263 265
97 2 264 266
98 2 265 267
99 2 266 268
100 2 267 269
101 2 268 270
102 2 269 271
103 2 270 272
104 2 271 273
105 2 272 274
106 2 273 275
107 2 274 276
108 2 275 277
109 2 276 278
110 2 277 279
111 2 278 280
112 2 279 281
113 2 280 282
114 2 281 283
115 2 282 284
116 2 283 285
117 2 284 286
118 2 285 287
119 2 286 288
120 2 287 289
121 2 288 290
122 2 289 291
123 2 290 292
124 2 291 293
125 2 292 294
126 2 293 295
127 2 294 296
128 2 295 297
129 2 296 298
130 2 297 299
131 2 298 300
132 2 299 301
133 2 300 302
134 2 301 303
135 2 302 304
136 2 303 305
137 2 304 306
138 2 305 307
139 2 306 308
140 2 307 309
141 2 308 310
142 2 309 311
143 2 310 312
144 2 311 313
145 2 312 314
146 2 313 315
147 2 314 316
148 2 315 317
149 2 316 318
150 2 317 319
151 2 318 320
152 2 319 321
153 2 320 322
154 2 321 323
155 2 322 324
156 2 327 329
157 2 328 330
158 2 329 331
159 2 330 332
160 2 331 333
161 2 332 334
162 2 333 335
163 2 334 336
164 2 335 337
165 2 336 338
166 2 337 339
167 2 338 340
168 2 339 341
169 2 340 342
170 2 341 343
171 2 342 344
172 2 343 345
173 2 344 346
174 2 345 347
175 2 346 348
176 2 347 349
177 2 348 350
178 2 349 351
179 2 350 352
180 2 351 353
181 2 352 354
182 2 353 355
183 2 354 356
184 2 355 357
185 2 356 358
186 2 357 359
187 2 358 360
188 2 359 361
189 2 360 362
190 2 361 363
191 2 362 364
192 2 363 365
193 2 364 366
194 2 365 367
195 2 366 368
196 2 367 369
197 2 368 370
198 2 369 371
199 2 370 372
200 2 371 373
201 2 372 374
202 2 373 375
203 2 374 376
204 2 375 377
205 2 376 378
206 2 377 379
207 2 378 380
208 2 379 381
209 2 380 382
210 2 381 383
211 2 382 384
212 2 383 385
213 2 384 386
214 2 385 387
215 2 386 388
216 2 387 389
217 2 388 390
218 2 389 391
219 2 390 392
220 2 391 393
221 2 392 394
222 2 393 395
223 2 394 396
224 2 395 397
225 2 396 398
226 2 397 399
227 2 398 400
228 2 399 401
229 2 400 402
230 2 401 403
231 2 402 404
232 2 403 405
233 2 409 411
234 2 410 412
235 2 411 413
236 2 412 414
237 2 413 415
238 2 414 416
239 2 415 417
240 2 416 418
241 2 417 419
242 2 418 420
243 2 419 421
244 2 420 422
245 2 421 423
246 2 422 424
247 2 423 425
248 2 424 426
249 2 425 427
250 2 426 428
251 2 427 429
252 2 428 430
253 2 429 431
254 2 430 432
255 2 435 437
256 2 436 438
257 2 437 439
258 2 438 440
259 2 439 441
260 2 440 442
261 2 441 443
262 2 442 444
263 2 443 445
264 2 444 446
265 2 445 447
266 2 446 448
267 2 447 449
268 2 448 450
269 2 449 451
270 2 450 452
271 2 451 453
272 2 452 454
273 2 453 455
274 2 454 456
275 2 455 457
276 2 456 458
277 2 457 459
278 2 458 460
279 2 459 461
280 2 460 462
281 2 461 463
282 2 462 464
283 2 463 465
284 2 464 466
285 2 465 467
286 2 466 468
287 2 467 469
288 2 468 470
289 2 469 471
290 2 470 472
291 2 471 473
292 2 472 474
293 2 473 475
294 2 474 476
295 2 475 477
296 2 476 478
297 2 477 479
298 2 478 480
299 2 479 481
300 2 480 482
301 2 498 500
302 2 499 501
303 2 503 505
304 2 504 506
305 2 505 507
306 2 506 508
307 2 512 514
308 2 513 515
309 2 514 516
310 2 515 517
311 2 516 518
312 2 517 519
313 2 518 520
314 2 519 521
315 2 520 522
316 2 521 523
317 2 522 524
318 2 523 525
319 2 524 526
320 2 525 527
321 2 526 528
322 2 527 529
323 2 528 530
324 2 529 531
325 2 530 532
326 2 531 533
327 2 532 534
328 2 533 535
329 2 534 536
330 2 535 537
331 2 536 538
332 2 537 539
333 2 538 540
334 2 539 541
335 2 540 542
336 2 541 543
337 2 542 544
338 2 543 545
339 2 544 546
340 2 545 547
341 2 546 548
342 2 547 549
343 2 548 550
344 2 549 551
345 2 550 552
346 2 551 553
347 2 552 554
348 2 553 555
349 2 554 556
350 2 555 557
351 2 556 558
352 2 557 559
353 2 558 560
354 2 559 561
355 2 560 562
356 2 561 563
357 2 562 564
358 2 563 565
359 2 564 566
360 2 565 567
361 2 566 568
362 2 567 569
363 2 568 570
364 2 569 571
365 2 570 572
366 2 571 573
367 2 572 574
368 2 573 575
369 2 574 576
370 2 575 577
371 2 576 578
372 2 577 579
373 2 578 580
374 2 579 581
375 2 583 585
376 2 584 586
377 2 585 587
378 2 586 588
379 2 587 589
380 2 588 590
381 2 589 591
382 2 590 592
383 2 591 593
384 2 592 594
385 2 593 595
386 2 594 596
387 2 595 597
388 2 596 598
389 2 597 599
390 2 598 600
391 2 604 606
392 2 605 607
393 2 606 608
394 2 607 609
395 2 608 610
396 2 609 611
397 2 610 612
398 2 611 613
399 2 612 614
400 2 613 615
401 2 614 616
402 2 615 617
403 2 616 618
404 2 617 619
405 2 618 620
406 2 619 621
407 2 620 622
408 2 621 623
409 2 622 624
410 2 623 625
411 2 624 626
412 2 625 627
413 2 626 628
414 2 627 629
415 2 628 630
416 2 629 631
417 2 630 632
418 2 631 633
419 2 632 634
420 2 633 635
421 2 641 643
422 2 642 644
423 2 643 645
424 2 644 646
425 2 645 647
426 2 646 648
427 2 647 649
428 2 648 650
429 2 649 651
430 2 650 652
431 2 651 653
432 2 652 654
433 2 653 655
434 2 654 656
435 2 655 657
436 2 661 663
437 2 665 667
438 2 666 668
439 2 667 669
440 2 668 670
441 2 669 671
442 2 670 672
443 2 671 673
444 2 672 674
445 2 673 675
446 2 674 676
447 2 675 677
448 2 676 678
449 2 677 679
450 2 678 680
451 2 679 681
452 2 680 682
453 2 681 683
454 2 682 684
455 2 683 685
456 2 684 686
457 2 685 687
458 2 686 688
459 2 687 689
460 2 688 690
461 2 689 691
462 2 690 692
463 2 691 693
464 2 692 694
465 2 693 695
466 2 694 696
467 2 695 697
468 2 696 698
469 2 697 699
470 2 698 700
471 2 699 701
472 2 700 702
473 2 701 703
474 2 702 704
475 2 703 705
476 2 704 706
477 2 705 707
478 2 706 708
479 2 707 709
480 2 708 710
481 2 709 711
482 2 710 712
483 2 711 713
484 2 712 714
485 2 713 715
486 2 714 716
487 2 715 717
488 2 716 718
489 2 717 719
490 2 718 720
491 2 719 721
492 2 720 722
493 2 721 723
494 2 722 724
495 2 723 725
496 2 724 726
497 2 725 727
498 2 726 728
499 2 727 729
500 2 728 730
501 2 729 731
502 2 737 739
503 2 738 740
504 2 739 741
505 2 740 742
506 2 741 743
507 2 742 744
508 2 743 745
509 2 744 746
510 2 745 747
511 2 746 748
512 2 747 749
513 2 748 750
514 2 749 751
515 2 750 752
516 2 751 753
517 2 752 754
518 2 753 755
519 2 754 756
520 2 755 757
521 2 756 758
522 2 757 759
523 2 758 760
524 2 759 761
525 2 760 762
526 2 761 763
527 2 762 764
528 2 763 765
529 2 764 766
530 2 765 767
531 2 766 768
532 2 767 769
533 2 768 770
534 2 769 771
535 2 770 772
536 2 771 773
537 2 772 774
538 2 773 775
539 2 774 776
540 2 775 777
541 2 776 778
542 2 777 779
543 2 778 780
544 2 779 781
545 2 780 782
546 2 781 783
547 2 782 784
548 2 783 785
549 2 784 786
550 2 785 787
551 2 786 788
552 2 787 789
553 2 788 790
554 2 789 791
555 2 790 792
556 2 791 793
557 2 792 794
558 2 793 795
559 2 794 796
560 2 795 797
561 2 796 798
562 2 797 799
563 2 798 800
564 2 799 801
565 2 800 802
566 2 801 803
567 2 802 804
568 2 803 805
569 2 804 806
570 2 805 807
571 2 806 808
572 2 807 809
573 2 812 814
574 2 813 815
575 2 814 816
576 2 815 817
577 2 816 818
578 2 817 819
579 2 818 820
580 2 819 821
581 2 820 822
582 2 821 823
583 2 822 824
584 2 823 825
585 2 824 826
586 2 825 827
587 2 826 828
588 2 827 829
589 2 828 830
590 2 829 831
591 2 830 832
592 2 831 833
593 2 832 834
594 2 833 835
595 2 834 836
596 2 835 837
597 2 836 838
598 2 837 839
599 2 838 840
600 2 839 841
601 2 840 842
602 2 841 843
603 2 842 844
604 2 843 845
605 2 844 846
606 2 845 847
607 2 846 848
608 2 847 849
609 2 848 850
610 2 849 851
611 2 850 852
612 2 851 853
613 2 852 854
614 2 853 855
615 2 854 856
616 2 855 857
617 2 856 858
618 2 857 859
619 2 858 860
620 2 859 861
621 2 860 862
622 2 861 863
623 2 862 864
624 2 863 865
625 2 864 866
626 2 865 867
627 2 871 873
628 2 872 874
629 2 873 875
630 2 874 876
631 2 875 877
632 2 876 878
633 2 877 879
634 2 878 880
635 2 879 881
636 2 880 882
637 2 881 883
638 2 882 884
639 2 883 885
640 2 884 886
641 2 885 887
642 2 886 888
643 2 887 889
644 2 888 890
645 2 889 891
646 2 890 892
647 2 891 893
648 2 892 894
649 2 893 895
650 2 894 896
651 2 895 897
652 2 896 898
653 2 897 899
654 2 898 900
655 2 899 901
656 2 903 905
657 2 904 906
658 2 905 907
659 2 906 908
660 2 907 909
661 2 912 914
662 2 913 915
663 2 914 916
664 2 915 917
665 2 916 918
666 2 917 919
667 2 918 920
668 2 919 921
669 2 920 922
670 2 921 923
671 2 922 924
672 2 923 925
673 2 924 926
674 2 925 927
675 2 926 928
676 2 927 929
677 2 928 930
678 2 929 931
679 2 930 932
680 2 931 933
681 2 932 934
682 2 933 935
683 2 934 936
684 2 938 940
685 2 939 941
686 2 940 942
687 2 941 943
688 2 942 944
689 2 943 945
690 2 944 946
691 2 945 947
692 2 946 948
693 2 947 949
694 2 948 950
695 2 949 951
696 2 950 952
697 2 951 953
698 2 952 954
699 2 953 955
700 2 954 956
701 2 955 957
702 2 956 958
703 2 957 959
704 2 958 960
705 2 959 961
706 2 960 962
707 2 965 967
708 2 966 968
709 2 967 969
710 2 968 970
711 2 969 971
712 2 970 972
713 2 976 978
714 2 977 979
715 2 978 980
716 2 979 981
717 2 980 982
718 2 981 983
719 2 982 984
720 2 983 985
721 2 984 986
722 2 985 987
723 2 986 988
724 2 987 989
725 2 988 990
726 2 989 991
727 2 990 992
728 2 991 993
729 2 992 994
730 2 993 995
731 2 994 996
732 2 995 997
733 2 996 998
734 2 997 999
735 2 998 1000
736 2 999 1001
737 2 1000 1002
738 2 1001 1003
739 2 1002 1004
740 2 1003 1005
741 2 1004 1006
742 2 1005 1007
743 2 1006 1008
744 2 1007 1009
745 2 1008 1010
746 2 1009 1011
747 2 1010 1012
748 2 1011 1013
749 2 1012 1014
750 2 1013 1015
751 2 1014 1016
752 2 1015 1017
753 2 1016 1018
754 2 1017 1019
755 2 1018 1020
756 2 1019 1021
757 2 1020 1022
758 2 1021 1023
759 2 1022 1024
760 2 1023 1025
761 2 1024 1026
762 2 1025 1027
763 2 1026 1028
764 2 1027 1029
765 2 1028 1030
766 2 1029 1031
767 2 1030 1032
768 2 1031 1033
769 2 1032 1034
770 2 1033 1035
771 2 1034 1036
772 2 1035 1037
773 2 1036 1038
774 2 1037 1039
775 2 1038 1040
776 2 1039 1041
777 2 1040 1042
778 2 1041 1043
779 2 1042 1044
780 2 1043 1045
781 2 1044 1046
782 2 1045 1047
783 2 1050 1052
784 2 1051 1053
785 2 1052 1054
786 2 1053 1055
787 2 1054 1056
788 2 1055 1057
789 2 1056 1058
790 2 1057 1059
791 2 1058 1060
792 2 1059 1061
793 2 1060 1062
794 2 1061 1063
795 2 1062 1064
796 2 1063 1065
797 2 1064 1066
798 2 1065 1067
799 2 1066 1068
800 2 1067 1069
801 2 1068 1070
802 2 1069 1071
803 2 1070 1072
804 2 1071 1073
805 2 1072 1074
806 2 1073 1075
807 2 1074 1076
808 2 1075 1077
809 2 1076 1078
810 2 1077 1079
811 2 1078 1080
812 2 1079 1081
813 2 1080 1082
814 2 1081 1083
815 2 1082 1084
816 2 1083 1085
817 2 1084 1086
818 2 1085 1087
819 2 1086 1088
820 2 1087 1089
821 2 1088 1090
822 2 1089 1091
823 2 1090 1092
824 2 1091 1093
825 2 1092 1094
826 2 1093 1095
827 2 1094 1096
828 2 1095 1097
829 2 1096 1098
830 2 1097 1099
831 2 1098 1100
832 2 1099 1101
833 2 1100 1102
834 2 1101 1103
835 2 1102 1104
836 2 1103 1105
837 2 1104 1106
838 2 1105 1107
839 2 1106 1108
840 2 1107 1109
841 2 1108 1110
842 2 1109 1111
843 2 1110 1112
844 2 1111 1113
845 2 1112 1114
846 2 1113 1115
847 2 1114 1116
848 2 1115 1117
849 2 1116 1118
850 2 1117 1119
851 2 1118 1120
852 2 1119 1121
853 2 1120 1122
854 2 1121 1123
855 2 1122 1124
856 2 1123 1125
857 2 1124 1126
858 2 1125 1127
859 2 1126 1128
860 2 1127 1129
861 2 1128 1130
862 2 1129 1131
863 2 1130 1132
864 2 1131 1133
865 2 1132 1134
866 2 1133 1135
867 2 1134 1136
868 2 1135 1137
869 2 1136 1138
870 2 1137 1139
871 2 1138 1140
872 2 1139 1141
873 2 1140 1142
874 2 1141 1143
875 2 1142 1144
876 2 1143 1145
877 2 1144 1146
878 2 1145 1147
879 2 1146 1148
880 2 1147 1149
881 2 1148 1150
882 2 1149 1151
883 2 1150 1152
884 2 1151 1153
885 2 1152 1154
886 2 1153 1155
887 2 1154 1156
888 2 1155 1157
889 2 1156 1158
890 2 1157 1159
891 2 1158 1160
892 2 1159 1161
893 2 1160 1162
894 2 1161 1163
895 2 1162 1164
896 2 1163 1165
897 2 1164 1166
898 2 1165 1167
899 2 1166 1168
900 2 1167 1169
901 2 1168 1170
902 2 1169 1171
903 2 1170 1172
904 2 1171 1173
905 2 1172 1174
906 2 1173 1175
907 2 1174 1176
908 2 1175 1177
909 2 1176 1178
910 2 1177 1179
911 2 1178 1180
912 2 1179 1181
913 2 1180 1182
914 2 1181 1183
915 2 1182 1184
916 2 1183 1185
917 2 1184 1186
918 2 1185 1187
919 2 1186 1188
920 2 1187 1189
921 2 1188 1190
922 2 1189 1191
923 2 1190 1192
924 2 1191 1193
925 2 1192 1194
926 2 1193 1195
927 2 1194 1196
928 2 1195 1197
929 2 1196 1198
930 2 1197 1199
931 2 1198 1200
932 2 1199 1201
933 2 1200 1202
934 2 1201 1203
935 2 1202 1204
936 2 1203 1205
937 2 1204 1206
938 2 1205 1207
939 2 1206 1208
940 2 1207 1209
941 2 1208 1210
942 2 1209 1211
943 2 1210 1212
944 2 1211 1213
945 2 1212 1214
946 2 1213 1215
947 2 1214 1216
948 2 1215 1217
949 2 1216 1218
950 2 1217 1219
951 2 1218 1220
952 2 1219 1221
953 2 1220 1222
954 2 1221 1223
955 2 1222 1224
956 2 1223 1225
957 2 1224 1226
958 2 1225 1227
959 2 1226 1228
960 2 1227 1229
961 2 1228 1230
962 2 1229 1231
963 2 1230 1232
964 2 1231 1233
965 2 1232 1234
966 2 1233 1235
967 2 1234 1236
968 2 1235 1237
969 2 1236 1238
970 2 1237 1239
971 2 1238 1240
972 2 1239 1241
973 2 1240 1242
974 2 1241 1243
975 2 1242 1244
976 2 1243 1245
977 2 1244 1246
978 2 1245 1247
979 2 1246 1248
980 2 1247 1249
981 2 1248 1250
982 2 1252 1254
983 2 1253 1255
984 2 1254 1256
985 2 1255 1257
986 2 1256 1258
987 2 1257 1259
988 2 1258 1260
989 2 1259 1261
990 2 1260 1262
991 2 1261 1263
992 2 1262 1264
993 2 1263 1265
994 2 1264 1266
995 2 1265 1267
996 2 1266 1268
997 2 1267 1269
998 2 1268 1270
999 2 1269 1271
1000 2 1270 1272
1001 2 1271 1273
1002 2 1272 1274
1003 2 1273 1275
1004 2 1274 1276
1005 2 1275 1277
1006 2 1276 1278
1007 2 1277 1279
1008 2 1278 1280
1009 2 1279 1281
1010 2 1280 1282
1011 2 1281 1283
1012 2 1282 1284
1013 2 1283 1285
1014 2 1284 1286
1015 2 1285 1287
1016 2 1286 1288
1017 2 1287 1289
1018 2 1288 1290
1019 2 1289 1291
1020 2 1290 1292
1021 2 1291 1293
1022 2 1292 1294
1023 2 1293 1295
1024 2 1294 1296
1025 2 1295 1297
1026 2 1296 1298
1027 2 1297 1299
1028 2 1298 1300
1029 2 1299 1301
1030 2 1300 1302
1031 2 1301 1303
1032 2 1302 1304
1033 2 1303 1305
1034 2 1304 1306
1035 2 1305 1307
1036 2 1306 1308
1037 2 1307 1309
1038 2 1308 1310
1039 2 1309 1311
1040 2 1310 1312
1041 2 1311 1313
1042 2 1312 1314
1043 2 1313 1315
1044 2 1314 1316
1045 2 1315 1317
1046 2 1316 1318
1047 2 1317 1319
1048 2 1318 1320
1049 2 1319 1321
1050 2 1320 1322
1051 2 1321 1323
1052 2 1322 1324
1053 2 1323 1325
1054 2 1324 1326
1055 2 1325 1327
1056 2 1326 1328
1057 2 1327 1329
1058 2 1338 1340
1059 2 1339 1341
1060 2 1340 1342
1061 2 1341 1343
1062 2 1342 1344
1063 2 1343 1345
1064 2 1344 1346
1065 2 1345 1347
1066 2 1346 1348
1067 2 1347 1349
1068 2 1348 1350
1069 2 1349 1351
1070 2 1350 1352
1071 2 1351 1353
1072 2 1352 1354
1073 2 1353 1355
1074 2 1354 1356
1075 2 1355 1357
1076 2 1356 1358
1077 2 1357 1359
1078 2 1358 1360
1079 2 1359 1361
1080 2 1360 1362
1081 2 1361 1363
1082 2 1362 1364
1083 2 1363 1365
1084 2 1368 1370
1085 2 1369 1371
1086 2 1370 1372
1087 2 1371 1373
1088 2 1372 1374
1089 2 1373 1375
1090 2 1374 1376
1091 2 1375 1377
1092 2 1376 1378
1093 2 1377 1379
1094 2 1378 1380
1095 2 1379 1381
1096 2 1380 1382
1097 2 1381 1383
1098 2 1382 1384
1099 2 1383 1385
1100 2 1384 1386
1101 2 1385 1387
1102 2 1386 1388
1103 2 1387 1389
1104 2 1388 1390
1105 2 1389 1391
1106 2 1390 1392
1107 2 1391 1393
1108 2 1392 1394
1109 2 1393 1395
1110 2 1394 1396
1111 2 1395 1397
1112 2 1396 1398
1113 2 1397 1399
1114 2 1398 1400
1115 2 1399 1401
1116 2 1400 1402
1117 2 1401 1403
1118 2 1402 1404
1119 2 1403 1405
1120 2 1404 1406
1121 2 1405 1407
1122 2 1406 1408
1123 2 1407 1409
1124 2 1408 1410
1125 2 1409 1411
1126 2 1410 1412
1127 2 1411 1413
1128 2 1412 1414
1129 2 1413 1415
1130 2 1414 1416
1131 2 1415 1417
1132 2 1416 1418
1133 2 1417 1419
1134 2 1418 1420
1135 2 1419 1421
1136 2 1420 1422
1137 2 1421 1423
1138 2 1422 1424
1139 2 1423 1425
1140 2 1424 1426
1141 2 1425 1427
1142 2 1426 1428
1143 2 1427 1429
1144 2 1434 1436
1145 2 1435 1437
1146 2 1436 1438
1147 2 1437 1439
1148 2 1438 1440
1149 2 1439 1441
1150 2 1440 1442
1151 2 1441 1443
1152 2 1442 1444
1153 2 1443 1445
1154 2 1444 1446
1155 2 1445 1447
1156 2 1446 1448
1157 2 1447 1449
1158 2 1448 1450
1159 2 1449 1451
1160 2 1450 1452
1161 2 1451 1453
1162 2 1452 1454
1163 2 1453 1455
1164 2 1454 1456
1165 2 1455 1457
1166 2 1456 1458
1167 2 1457 1459
1168 2 1458 1460
1169 2 1459 1461
1170 2 1460 1462
1171 2 1461 1463
1172 2 1462 1464
1173 2 1463 1465
1174 2 1464 1466
1175 2 1465 1467
1176 2 1466 1468
1177 2 1467 1469
1178 2 1468 1470
1179 2 1469 1471
1180 2 1470 1472
1181 2 1471 1473
1182 2 1472 1474
1183 2 1473 1475
1184 2 1474 1476
1185 2 1475 1477
1186 2 1476 1478
1187 2 1477 1479
1188 2 1478 1480
1189 2 1479 1481
1190 2 1480 1482
1191 2 1481 1483
1192 2 1482 1484
1193 2 1483 1485
1194 2 1484 1486
1195 2 1485 1487
1196 2 1486 1488
1197 2 1487 1489
1198 2 1488 1490
1199 2 1489 1491
1200 2 1490 1492
1201 2 1491 1493
1202 2 1492 1494
1203 2 1493 1495
1204 2 1494 1496
1205 2 1495 1497
1206 2 1496 1498
1207 2 1497 1499
1208 2 1498 1500
1209 2 1499 1501
1210 2 1500 1502
1211 2 1501 1503
1212 2 1502 1504
1213 2 1503 1505
1214 2 1504 1506
1215 2 1505 1507
1216 2 1506 1508
1217 2 1507 1509
1218 2 1508 1510
1219 2 1509 1511
1220 2 1510 1512
1221 2 1511 1513
1222 2 1512 1514
1223 2 1513 1515
1224 2 1514 1516
1225 2 1515 1517
1226 2 1516 1518
1227 2 1517 1519
1228 2 1518 1520
1229 2 1519 1521
1230 2 1520 1522
1231 2 1521 1523
1232 2 1522 1524
1233 2 1523 1525
1234 2 1524 1526
1235 2 1528 1530
1236 2 1529 1531
1237 2 1530 1532
1238 2 1531 1533
1239 2 1532 1534
1240 2 1533 1535
1241 2 1534 1536
1242 2 1535 1537
1243 2 1536 1538
1244 2 1537 1539
1245 2 1538 1540
1246 2 1539 1541
1247 2 1540 1542
1248 2 1541 1543
1249 2 1542 1544
1250 2 1543 1545
1251 2 1544 1546
1252 2 1545 1547
1253 2 1546 1548
1254 2 1547 1549
1255 2 1548 1550
1256 2 1549 1551
1257 2 1557 1559
1258 2 1558 1560
1259 2 1559 1561
1260 2 1560 1562
1261 2 1561 1563
1262 2 1562 1564
1263 2 1563 1565
1264 2 1564 1566
1265 2 1565 1567
1266 2 1566 1568
1267 2 1567 1569
1268 2 1568 1570
1269 2 1569 1571
1270 2 1570 1572
1271 2 1571 1573
1272 2 1572 1574
1273 2 1573 1575
1274 2 1574 1576
1275 2 1575 1577
1276 2 1576 1578
1277 2 1577 1579
1278 2 1578 1580
1279 2 1579 1581
1280 2 1585 1587
1281 2 1586 1588
1282 2 1587 1589
1283 2 1588 1590
1284 2 1589 1591
1285 2 1590 1592
1286 2 1591 1593
1287 2 1592 1594
1288 2 1593 1595
1289 2 1594 1596
1290 2 1595 1597
1291 2 1596 1598
1292 2 1597 1599
1293 2 1598 1600
1294 2 1599 1601
1295 2 1600 1602
1296 2 1601 1603
1297 2 1602 1604
1298 2 1603 1605
1299 2 1604 1606
1300 2 1605 1607
1301 2 1606 1608
1302 2 1607 1609
1303 2 1608 1610
1304 2 1609 1611
1305 2 1610 1612
1306 2 1611 1613
1307 2 1612 1614
1308 2 1613 1615
1309 2 1614 1616
1310 2 1615 1617
1311 2 1616 1618
1312 2 1617 1619
1313 2 1623 1625
1314 2 1624 1626
1315 2 1625 1627
1316 2 1626 1628
1317 2 1627 1629
1318 2 1628 1630
1319 2 1629 1631
1320 2 1630 1632
1321 2 1631 1633
1322 2 1632 1634
1323 2 1633 1635
1324 2 1634 1636
1325 2 1635 1637
1326 2 1636 1638
1327 2 1637 1639
1328 2 1638 1640
1329 2 1639 1641
1330 2 1640 1642
1331 2 1641 1643
1332 2 1642 1644
1333 2 1643 1645
1334 2 1644 1646
1335 2 1645 1647
1336 2 1646 1648
1337 2 1647 1649
1338 2 1648 1650
1339 2 1649 1651
1340 2 1650 1652
1341 2 1661 1663
1342 2 1662 1664
1343 2 1663 1665
1344 2 1664 1666
1345 2 1665 1667
1346 2 1666 1668
1347 2 1667 1669
1348 2 1668 1670
1349 2 1669 1671
1350 2 1670 1672
1351 2 1671 1673
1352 2 1672 1674
1353 2 1673 1675
1354 2 1674 1676
1355 2 1675 1677
1356 2 1676 1678
1357 2 1677 1679
1358 2 1678 1680
1359 2 1679 1681
1360 2 1680 1682
1361 2 1681 1683
1362 2 1682 1684
1363 2 1683 1685
1364 2 1684 1686
1365 2 1685 1687
1366 2 1686 1688
1367 2 1687 1689
1368 2 1692 1694
1369 2 1693 1695
1370 2 1694 1696
1371 2 1695 1697
1372 2 1696 1698
1373 2 1697 1699
1374 2 1698 1700
1375 2 1699 1701
1376 2 1700 1702
1377 2 1701 1703
1378 2 1702 1704
1379 2 1703 1705
1380 2 1704 1706
1381 2 1705 1707
1382 2 1706 1708
1383 2 1707 1709
1384 2 1708 1710
1385 2 1709 1711
1386 2 1710 1712
1387 2 1711 1713
1388 2 1712 1714
1389 2 1713 1715
1390 2 1714 1716
1391 2 1715 1717
1392 2 1716 1718
1393 2 1717 1719
1394 2 1718 1720
1395 2 1719 1721
1396 2 1720 1722
1397 2 1721 1723
1398 2 1722 1724
1399 2 1723 1725
1400 2 1724 1726
1401 2 1725 1727
1402 2 1726 1728
1403 2 1727 1729
1404 2 1728 1730
1405 2 1729 1731
1406 2 1730 1732
1407 2 1731 1733
1408 2 1732 1734
1409 2 1733 1735
1410 2 1734 1736
1411 2 1735 1737
1412 2 1736 1738
1413 2 1737 1739
1414 2 1738 1740
1415 2 1739 1741
1416 2 1740 1742
1417 2 1741 1743
1418 2 1742 1744
1419 2 1743 1745
1420 2 1744 1746
1421 2 1745 1747
1422 2 1746 1748
1423 2 1747 1749
1424 2 1748 1750
1425 2 1749 1751
1426 2 1750 1752
1427 2 1751 1753
1428 2 1752 1754
1429 2 1753 1755
1430 2 1754 1756
1431 2 1755 1757
1432 2 1756 1758
1433 2 1757 1759
1434 2 1758 1760
1435 2 1759 1761
1436 2 1760 1762
1437 2 1761 1763
1438 2 1762 1764
1439 2 1763 1765
1440 2 1764 1766
1441 2 1765 1767
1442 2 1766 1768
1443 2 1767 1769
1444 2 1768 1770
1445 2 1769 1771
1446 2 1770 1772
1447 2 1771 1773
1448 2 1772 1774
1449 2 1773 1775
1450 2 1774 1776
1451 2 1775 1777
1452 2 1776 1778
1453 2 1777 1779
1454 2 1778 1780
1455 2 1779 1781
1456 2 1780 1782
1457 2 1781 1783
1458 2 1782 1784
1459 2 1783 1785
1460 2 1784 1786
1461 2 1785 1787
1462 2 1786 1788
1463 2 1787 1789
1464 2 1788 1790
1465 2 1789 1791
1466 2 1790 1792
1467 2 1791 1793
1468 2 1792 1794
1469 2 1793 1795
1470 2 1794 1796
1471 2 1795 1797
1472 2 1796 1798
1473 2 1797 1799
1474 2 1798 1800
1475 2 1799 1801
1476 2 1800 1802
1477 2 1801 1803
1478 2 1802 1804
1479 2 1803 1805
1480 2 1804 1806
1481 2 1805 1807
1482 2 1806 1808
1483 2 1807 1809
1484 2 1808 1810
1485 2 1809 1811
1486 2 1810 1812
1487 2 1811 1813
1488 2 1812 1814
1489 2 1813 1815
1490 2 1814 1816
1491 2 1815 1817
1492 2 1816 1818
1493 2 1817 1819
1494 2 1818 1820
1495 2 1819 1821
1496 2 1820 1822
1497 2 1821 1823
1498 2 1822 1824
1499 2 1823 1825
1500 2 1824 1826
1501 2 1825 1827
1502 2 1826 1828
1503 2 1827 1829
1504 2 1828 1830
1505 2 1829 1831
1506 2 1830 1832
1507 2 1831 1833
1508 2 1832 1834
1509 2 1833 1835
1510 2 1834 1836
1511 2 1835 1837
1512 2 1836 1838
1513 2 1837 1839
1514 2 1838 1840
1515 2 1839 1841
1516 2 1840 1842
1517 2 1841 1843
1518 2 1842 1844
1519 2 1843 1845
1520 2 1844 1846
1521 2 1845 1847
1522 2 1846 1848
1523 2 1847 1849
1524 2 1848 1850
1525 2 1849 1851
1526 2 1850 1852
1527 2 1851 1853
1528 2 1852 1854
1529 2 1853 1855
1530 2 1860 1862
1531 2 1861 1863
1532 2 1862 1864
1533 2 1863 1865
1534 2 1864 1866
1535 2 1865 1867
1536 2 1866 1868
1537 2 1867 1869
1538 2 1868 1870
1539 2 1869 1871
1540 2 1870 1872
1541 2 1871 1873
1542 2 1872 1874
1543 2 1873 1875
1544 2 1874 1876
1545 2 1875 1877
1546 2 1876 1878
1547 2 1877 1879
1548 2 1878 1880
1549 2 1879 1881
1550 2 1880 1882
1551 2 1881 1883
1552 2 1882 1884
1553 2 1883 1885
1554 2 1884 1886
1555 2 1885 1887
1556 2 1886 1888
1557 2 1887 1889
1558 2 1888 1890
1559 2 1889 1891
1560 2 1890 1892
1561 2 1891 1893
1562 2 1892 1894
1563 2 1893 1895
1564 2 1894 1896
1565 2 1895 1897
1566 2 1896 1898
1567 2 1897 1899
1568 2 1898 1900
1569 2 1899 1901
1570 2 1900 1902
1571 2 1901 1903
1572 2 1902 1904
1573 2 1903 1905
1574 2 1904 1906
1575 2 1905 1907
1576 2 1906 1908
1577 2 1907 1909
1578 2 1908 1910
1579 2 1909 1911
1580 2 1910 1912
1581 2 1911 1913
1582 2 1912 1914
1583 2 1913 1915
1584 2 1914 1916
1585 2 1915 1917
1586 2 1916 1918
1587 2 1917 1919
1588 2 1918 1920
1589 2 1919 1921
1590 2 1920 1922
1591 2 1921 1923
1592 2 1922 1924
1593 2 1923 1925
1594 2 1924 1926
1595 2 1925 1927
1596 2 1926 1928
1597 2 1927 1929
1598 2 1928 1930
1599 2 1929 1931
1600 2 1930 1932
1601 2 1931 1933
1602 2 1932 1934
1603 2 1933 1935
1604 2 1934 1936
1605 2 1935 1937
1606 2 1936 1938
1607 2 1937 1939
1608 2 1938 1940
1609 2 1939 1941
1610 2 1940 1942
1611 2 1941 1943
1612 2 1942 1944
1613 2 1943 1945
1614 2 1944 1946
1615 2 1945 1947
1616 2 1946 1948
1617 2 1947 1949
1618 2 1948 1950
1619 2 1949 1951
1620 2 1950 1952
1621 2 1951 1953
1622 2 1952 1954
1623 2 1953 1955
1624 2 1954 1956
1625 2 1955 1957
1626 2 1956 1958
1627 2 1957 1959
1628 2 1958 1960
1629 2 1959 1961
1630 2 1960 1962
1631 2 1961 1963
1632 2 1962 1964
1633 2 1963 1965
1634 2 1964 1966
1635 2 1968 1970
1636 2 1969 1971
1637 2 1970 1972
1638 2 1971 1973
1639 2 1972 1974
1640 2 1973 1975
1641 2 1974 1976
1642 2 1975 1977
1643 2 1976 1978
1644 2 1977 1979
1645 2 1978 1980
1646 2 1979 1981
1647 2 1980 1982
1648 2 1981 1983
1649 2 1982 1984
1650 2 1983 1985
1651 2 1984 1986
1652 2 1985 1987
1653 2 1986 1988
1654 2 1987 1989
1655 2 1988 1990
1656 2 1989 1991
1657 2 1990 1992
1658 2 1991 1993
1659 2 1992 1994
1660 2 1993 1995
1661 2 1994 1996
1662 2 1995 1997
1663 2 1996 1998
1664 2 1997 1999
1665 2 1998 2000
1666 2 1999 2001
1667 2 2000 2002
1668 2 2001 2003
1669 2 2002 2004
1670 2 2003 2005
1671 2 2004 2006
1672 2 2005 2007
1673 2 2006 2008
1674 2 2007 2009
1675 2 2008 2010
1676 2 2009 2011
1677 2 2010 2012
1678 2 2011 2013
1679 2 2012 2014
1680 2 2013 2015
1681 2 2014 2016
1682 2 2015 2017
1683 2 2016 2018
1684 2 2017 2019
1685 2 2018 2020
1686 2 2019 2021
1687 2 2020 2022
1688 2 2021 2023
1689 2 2022 2024
1690 2 2023 2025
1691 2 2024 2026
1692 2 2025 2027
1693 2 2026 2028
1694 2 2027 2029
1695 2 2028 2030
1696 2 2029 2031
1697 2 2030 2032
1698 2 2031 2033
1699 2 2032 2034
1700 2 2033 2035
1701 2 2034 2036
1702 2 2035 2037
1703 2 2036 2038
1704 2 2037 2039
1705 2 2038 2040
1706 2 2039 2041
1707 2 2040 2042
1708 2 2041 2043
1709 2 2042 2044
1710 2 2043 2045
1711 2 2044 2046
1712 2 2045 2047
1713 2 2046 2048
1714 2 2047 2049
1715 2 2048 2050
1716 2 2049 2051
1717 2 2050 2052
1718 2 2051 2053
1719 2 2052 2054
1720 2 2053 2055
1721 2 2054 2056
1722 2 2055 2057
1723 2 2056 2058
1724 2 2057 2059
1725 2 2058 2060
1726 2 2059 2061
1727 2 2060 2062
1728 2 2061 2063
1729 2 2062 2064
1730 2 2063 2065
1731 2 2064 2066
1732 2 2065 2067
1733 2 2066 2068
1734 2 2067 2069
1735 2 2068 2070
1736 2 2069 2071
1737 2 2070 2072
1738 2 2071 2073
1739 2 2072 2074
1740 2 2073 2075
1741 2 2074 2076
1742 2 2075 2077
1743 2 2076 2078
1744 2 2077 2079
1745 2 2078 2080
1746 2 2079 2081
1747 2 2080 2082
1748 2 2081 2083
1749 2 2082 2084
1750 2 2083 2085
1751 2 2084 2086
1752 2 2085 2087
1753 2 2086 2088
1754 2 2087 2089
1755 2 2088 2090
1756 2 2089 2091
1757 2 2090 2092
1758 2 2091 2093
1759 2 2092 2094
1760 2 2093 2095
1761 2 2094 2096
1762 2 2095 2097
1763 2 2096 2098
1764 2 2097 2099
1765 2 2098 2100
1766 2 2099 2101
1767 2 2100 2102
1768 2 2101 2103
1769 2 2102 2104
1770 2 2103 2105
1771 2 2104 2106
1772 2 2105 2107
1773 2 2106 2108
1774 2 2107 2109
1775 2 2108 2110
1776 2 2109 2111
1777 2 2114 2116
1778 2 2115 2117
1779 2 2116 2118
1780 2 2117 2119
1781 2 2118 2120
1782 2 2119 2121
1783 2 2120 2122
1784 2 2125 2127
1785 2 2126 2128
1786 2 2127 2129
1787 2 2128 2130
1788 2 2129 2131
1789 2 2130 2132
1790 2 2131 2133
1791 2 2132 2134
1792 2 2133 2135
1793 2 2134 2136
1794 2 2135 2137
1795 2 2136 2138
1796 2 2137 2139
1797 2 2138 2140
1798 2 2139 2141
1799 2 2140 2142
1800 2 2141 2143
1801 2 2142 2144
1802 2 2143 2145
1803 2 2144 2146
1804 2 2145 2147
1805 2 2146 2148
1806 2 2147 2149
1807 2 2148 2150
1808 2 2149 2151
1809 2 2150 2152
1810 2 2151 2153
1811 2 2152 2154
1812 2 2153 2155
1813 2 2154 2156
1814 2 2155 2157
1815 2 2156 2158
1816 2 2157 2159
1817 2 2158 2160
1818 2 2159 2161
1819 2 2160 2162
1820 2 2161 2163
1821 2 2162 2164
1822 2 2163 2165
1823 2 2164 2166
1824 2 2165 2167
1825 2 2166 2168
1826 2 2167 2169
1827 2 2168 2170
1828 2 2169 2171
1829 2 2170 2172
1830 2 2171 2173
1831 2 2172 2174
1832 2 2173 2175
1833 2 2174 2176
1834 2 2175 2177
1835 2 2176 2178
1836 2 2177 2179
1837 2 2178 2180
1838 2 2179 2181
1839 2 2180 2182
1840 2 2181 2183
1841 2 2182 2184
1842 2 2183 2185
1843 2 2184 2186
1844 2 2185 2187
1845 2 2186 2188
1846 2 2187 2189
1847 2 2188 2190
1848 2 2189 2191
1849 2 2190 2192
1850 2 2191 2193
1851 2 2192 2194
1852 2 2193 2195
1853 2 2194 2196
1854 2 2195 2197
1855 2 2196 2198
1856 2 2197 2199
1857 2 2198 2200
1858 2 2199 2201
1859 2 2200 2202
1860 2 2201 2203
1861 2 2202 2204
1862 2 2203 2205
1863 2 2204 2206
1864 2 2205 2207
1865 2 2206 2208
1866 2 2207 2209
1867 2 2208 2210
1868 2 2209 2211
1869 2 2210 2212
1870 2 2211 2213
1871 2 2212 2214
1872 2 2213 2215
1873 2 2214 2216
1874 2 2215 2217
1875 2 2216 2218
1876 2 2217 2219
1877 2 2218 2220
1878 2 2219 2221
1879 2 2220 2222
1880 2 2221 2223
1881 2 2222 2224
1882 2 2223 2225
1883 2 2224 2226
1884 2 2225 2227
1885 2 2226 2228
1886 2 2227 2229
1887 2 2228 2230
1888 2 2229 2231
1889 2 2230 2232
1890 2 2231 2233
1891 2 2232 2234
1892 2 2233 2235
1893 2 2234 2236
1894 2 2235 2237
1895 2 2236 2238
1896 2 2242 2244
1897 2 2243 2245
1898 2 2244 2246
1899 2 2245 2247
1900 2 2246 2248
1901 2 2247 2249
1902 2 2248 2250
1903 2 2249 2251
1904 2 2250 2252
1905 2 2251 2253
1906 2 2252 2254
1907 2 2253 2255
1908 2 2261 2263
1909 2 2262 2264
1910 2 2263 2265
1911 2 2264 2266
1912 2 2265 2267
1913 2 2266 2268
1914 2 2267 2269
1915 2 2268 2270
1916 2 2269 2271
1917 2 2270 2272
1918 2 2271 2273
1919 2 2272 2274
1920 2 2273 2275
1921 2 2274 2276
1922 2 2275 2277
1923 2 2276 2278
1924 2 2277 2279
1925 2 2278 2280
1926 2 2279 2281
1927 2 2280 2282
1928 2 2281 2283
1929 2 2282 2284
1930 2 2283 2285
1931 2 2284 2286
1932 2 2285 2287
1933 2 2286 2288
1934 2 2287 2289
1935 2 2288 2290
1936 2 2289 2291
1937 2 2290 2292
1938 2 2291 2293
1939 2 2292 2294
1940 2 2293 2295
1941 2 2294 2296
1942 2 2295 2297
1943 2 2296 2298
1944 2 2297 2299
1945 2 2298 2300
1946 2 2299 2301
1947 2 2300 2302
1948 2 2301 2303
1949 2 2302 2304
1950 2 2303 2305
1951 2 2304 2306
1952 2 2305 2307
1953 2 2306 2308
1954 2 2307 2309
1955 2 2308 2310
1956 2 2309 2311
1957 2 2310 2312
1958 2 2311 2313
1959 2 2312 2314
1960 2 2313 2315
1961 2 2314 2316
1962 2 2315 2317
1963 2 2316 2318
1964 2 2317 2319
1965 2 2318 2320
1966 2 2319 2321
1967 2 2320 2322
1968 2 2321 2323
1969 2 2322 2324
1970 2 2323 2325
1971 2 2324 2326
1972 2 2325 2327
1973 2 2326 2328
1974 2 2327 2329
1975 2 2328 2330
1976 2 2329 2331
1977 2 2330 2332
1978 2 2331 2333
1979 2 2332 2334
1980 2 2333 2335
1981 2 2334 2336
1982 2 2335 2337
1983 2 2336 2338
1984 2 2337 2339
1985 2 2338 2340
1986 2 2339 2341
1987 2 2340 2342
1988 2 2341 2343
1989 2 2342 2344
1990 2 2343 2345
1991 2 2344 2346
1992 2 2345 2347
1993 2 2346 2348
1994 2 2347 2349
1995 2 2348 2350
1996 2 2349 2351
1997 2 2350 2352
1998 2 2351 2353
1999 2 2352 2354
2000 2 2353 2355
2001 2 2354 2356
2002 2 2355 2357
2003 2 2356 2358
2004 2 2357 2359
2005 2 2358 2360
2006 2 2359 2361
2007 2 2360 2362
2008 2 2368 2370
2009 2 2369 2371
2010 2 2370 2372
2011 2 2371 2373
2012 2 2372 2374
2013 2 2373 2375
2014 2 2374 2376
2015 2 2375 2377
2016 2 2376 2378
2017 2 2377 2379
2018 2 2378 2380
2019 2 2379 2381
2020 2 2380 2382
2021 2 2381 2383
2022 2 2382 2384
2023 2 2383 2385
2024 2 2384 2386
2025 2 2385 2387
2026 2 2386 2388
2027 2 2387 2389
2028 2 2395 2397
2029 2 2396 2398
2030 2 2397 2399
2031 2 2398 2400
2032 2 2399 2401
2033 2 2400 2402
2034 2 2401 2403
2035 2 2402 2404
2036 2 2403 2405
2037 2 2404 2406
2038 2 2405 2407
2039 2 2406 2408
2040 2 2407 2409
2041 2 2408 2410
2042 2 2409 2411
2043 2 2410 2412
2044 2 2411 2413
2045 2 2412 2414
2046 2 2413 2415
2047 2 2419 2421
2048 2 2420 2422
2049 2 2421 2423
2050 2 2422 2424
2051 2 2423 2425
2052 2 2424 2426
2053 2 2425 2427
2054 2 2426 2428
2055 2 2427 2429
2056 2 2428 2430
2057 2 2429 2431
2058 2 2430 2432
2059 2 2431 2433
2060 2 2432 2434
2061 2 2433 2435
2062 2 2434 2436
2063 2 2435 2437
2064 2 2436 2438
2065 2 2437 2439
2066 2 2438 2440
2067 2 2439 2441
2068 2 2440 2442
2069 2 2441 2443
2070 2 2442 2444
2071 2 2443 2445
2072 2 2444 2446
2073 2 2445 2447
2074 2 2446 2448
2075 2 2447 2449
2076 2 2448 2450
2077 2 2449 2451
2078 2 2460 2462
2079 2 2461 2463
2080 2 2462 2464
2081 2 2463 2465
2082 2 2464 2466
2083 2 2465 2467
2084 2 2466 2468
2085 2 2467 2469
2086 2 2468 2470
2087 2 2469 2471
2088 2 2470 2472
2089 2 2471 2473
2090 2 2472 2474
2091 2 2473 2475
2092 2 2474 2476
2093 2 2475 2477
2094 2 2476 2478
2095 2 2477 2479
2096 2 2478 2480
2097 2 2479 2481
2098 2 2480 2482
2099 2 2481 2483
2100 2 2482 2484
2101 2 2483 2485
2102 2 2484 2486
2103 2 2485 2487
2104 2 2486 2488
2105 2 2487 2489
2106 2 2488 2490
2107 2 2489 2491
2108 2 2490 2492
2109 2 2491 2493
2110 2 2492 2494
2111 2 2493 2495
2112 2 2494 2496
2113 2 2549 2551
2114 2 2550 2552
2115 2 2551 2553
2116 2 2552 2554
2117 2 2553 2555
2118 2 2563 2565
2119 2 2564 2566
2120 2 2565 2567
2121 2 2566 2568
2122 2 2567 2569
2123 2 2568 2570
2124 2 2569 2571
2125 2 2596 2598
2126 2 2597 2599
2127 2 2598 2600
2128 2 2599 2601
2129 2 2600 2602
2130 2 2601 2603
2131 2 2602 2604
2132 2 2603 2605
2133 2 2604 2606
2134 2 2605 2607
2135 2 2606 2608
2136 2 2607 2609
2137 2 2608 2610
2138 2 2609 2611
2139 2 2610 2612
2140 2 2611 2613
2141 2 2612 2614
2142 2 2613 2615
2143 2 2614 2616
2144 2 2615 2617
2145 2 2616 2618
2146 2 2617 2619
2147 2 2618 2620
2148 2 2619 2621
2149 2 2620 2622
2150 2 2621 2623
2151 2 2622 2624
2152 2 2623 2625
2153 2 2624 2626
2154 2 2625 2627
2155 2 2626 2628
2156 2 2627 2629
2157 2 2628 2630
2158 2 2629 2631
2159 2 2648 2650
2160 2 2649 2651
2161 2 2650 2652
2162 2 2651 2653
2163 2 2652 2654
2164 2 2653 2655
2165 2 2654 2656
2166 2 2655 2657
2167 2 2656 2658
2168 2 2657 2659
2169 2 2658 2660
2170 2 2659 2661
2171 2 2660 2662
2172 2 2661 2663
2173 2 2662 2664
2174 2 2663 2665
2175 2 2664 2666
2176 2 2665 2667
2177 2 2666 2668
2178 2 2667 2669
2179 2 2668 2670
2180 2 2669 2671
2181 2 2670 2672
2182 2 2671 2673
2183 2 2672 2674
2184 2 2673 2675
2185 2 2674 2676
2186 2 2675 2677
2187 2 2676 2678
2188 2 2677 2679
2189 2 2678 2680
2190 2 2679 2681
2191 2 2680 2682
2192 2 2681 2683
2193 2 2682 2684
2194 2 2683 2685
2195 2 2684 2686
2196 2 2685 2687
2197 2 2686 2688
2198 2 2687 2689
2199 2 2688 2690
2200 2 2689 2691
2201 2 2690 2692
2202 2 2691 2693
2203 2 2692 2694
2204 2 2693 2695
2205 2 2697 2699
2206 2 2698 2700
2207 2 2699 2701
2208 2 2700 2702
2209 2 2701 2703
2210 2 2702 2704
2211 2 2703 2705
2212 2 2704 2706
2213 2 2705 2707
2214 2 2706 2708
2215 2 2707 2709
2216 2 2708 2710
2217 2 2709 2711
2218 2 2710 2712
2219 2 2711 2713
2220 2 2712 2714
2221 2 2713 2715
2222 2 2714 2716
2223 2 2715 2717
2224 2 2716 2718
2225 2 2717 2719
2226 2 2718 2720
2227 2 2719 2721
2228 2 2720 2722
2229 2 2721 2723
2230 2 2722 2724
2231 2 2723 2725
2232 2 2724 2726
2233 2 2725 2727
2234 2 2726 2728
2235 2 2727 2729
2236 2 2728 2730
2237 2 2729 2731
2238 2 2730 2732
2239 2 2731 2733
2240 2 2732 2734
2241 2 2733 2735
2242 2 2734 2736
2243 2 2735 2737
2244 2 2736 2738
2245 2 2737 2739
2246 2 2738 2740
2247 2 2739 2741
2248 2 2740 2742
2249 2 2741 2743
2250 2 2749 2751
2251 2 2750 2752
2252 2 2754 2756
2253 2 2755 2757
2254 2 2760 2762
2255 2 2761 2763
2256 2 2762 2764
2257 2 2763 2765
2258 2 2764 2766
2259 2 2765 2767
2260 2 2766 2768
2261 2 2767 2769
2262 2 2768 2770
2263 2 2769 2771
2264 2 2770 2772
2265 2 2771 2773
2266 2 2772 2774
2267 2 2773 2775
2268 2 2774 2776
2269 2 2775 2777
2270 2 2776 2778
2271 2 2777 2779
2272 2 2778 2780
2273 2 2784 2786
2274 2 2785 2787
2275 2 2786 2788
2276 2 2787 2789
2277 2 2831 2833
2278 2 2832 2834
2279 2 2833 2835
2280 2 2834 2836
2281 2 2835 2837
2282 2 2836 2838
2283 2 2837 2839
2284 2 2838 2840
2285 2 2839 2841
2286 2 2846 2848
2287 2 2847 2849
2288 2 2848 2850
2289 2 2849 2851
2290 2 2850 2852
2291 2 2851 2853
2292 2 2852 2854
2293 2 2853 2855
2294 2 2854 2856
2295 2 2855 2857
2296 2 2856 2858
2297 2 2857 2859
2298 2 2858 2860
2299 2 2859 2861
2300 2 2860 2862
2301 2 2861 2863
2302 2 2862 2864
2303 2 2863 2865
2304 2 2864 2866
2305 2 2865 2867
2306 2 2866 2868
2307 2 2867 2869
2308 2 2868 2870
2309 2 2869 2871
2310 2 2870 2872
2311 2 2871 2873
2312 2 2872 2874
2313 2 2873 2875
2314 2 2874 2876
2315 2 2875 2877
2316 2 2876 2878
2317 2 2877 2879
2318 2 2878 2880
2319 2 2879 2881
2320 2 2880 2882
2321 2 2881 2883
2322 2 2882 2884
2323 2 2883 2885
2324 2 2884 2886
2325 2 2885 2887
2326 2 2886 2888
2327 2 2887 2889
2328 2 2888 2890
2329 2 2889 2891
2330 2 2890 2892
2331 2 2891 2893
2332 2 2892 2894
2333 2 2893 2895
2334 2 2894 2896
2335 2 2895 2897
2336 2 2896 2898
2337 2 2897 2899
2338 2 2898 2900
2339 2 2899 2901
2340 2 2900 2902
2341 2 2901 2903
2342 2 2902 2904
2343 2 2903 2905
2344 2 2904 2906
2345 2 2905 2907
2346 2 2906 2908
2347 2 2907 2909
2348 2 2908 2910
2349 2 2909 2911
2350 2 2910 2912
2351 2 2911 2913
2352 2 2912 2914
2353 2 2913 2915
2354 2 2914 2916
2355 2 2915 2917
2356 2 2916 2918
2357 2 2917 2919
2358 2 2918 2920
2359 2 2919 2921
2360 2 2920 2922
2361 2 2924 2926
2362 2 2925 2927
2363 2 2926 2928
2364 2 2927 2929
2365 2 2928 2930
2366 2 2929 2931
2367 2 2930 2932
2368 2 2931 2933
2369 2 2932 2934
2370 2 2933 2935
2371 2 2934 2936
2372 2 2935 2937
2373 2 2936 2938
2374 2 2937 2939
2375 2 2938 2940
2376 2 2939 2941
2377 2 2940 2942
2378 2 2941 2943
2379 2 2942 2944
2380 2 2943 2945
2381 2 2944 2946
2382 2 2945 2947
2383 2 2946 2948
2384 2 2947 2949
2385 2 2948 2950
2386 2 2949 2951
2387 2 2950 2952
2388 2 2951 2953
2389 2 2952 2954
2390 2 2953 2955
2391 2 2954 2956
2392 2 2955 2957
2393 2 2956 2958
2394 2 2957 2959
2395 2 2958 2960
2396 2 2959 2961
2397 2 2960 2962
2398 2 2961 2963
2399 2 2962 2964
2400 2 2963 2965
2401 2 2964 2966
2402 2 2965 2967
2403 2 2966 2968
2404 2 2967 2969
2405 2 2968 2970
2406 2 2969 2971
2407 2 2970 2972
2408 2 2971 2973
2409 2 2972 2974
2410 2 2973 2975
2411 2 2974 2976
2412 2 2975 2977
2413 2 2976 2978
2414 2 2977 2979
2415 2 2978 2980
2416 2 2979 2981
2417 2 2980 2982
2418 2 2981 2983
2419 2 2982 2984
2420 2 2983 2985
2421 2 2984 2986
2422 2 2985 2987
2423 2 2986 2988
2424 2 2987 2989
2425 2 2988 2990
2426 2 2989 2991
2427 2 2990 2992
2428 2 2991 2993
2429 2 2992 2994
2430 2 2993 2995
2431 2 2994 2996
2432 2 2995 2997
2433 2 2996 2998
2434 2 2997 2999
2435 2 2998 3000
2436 2 2999 3001
2437 2 3000 3002
2438 2 3001 3003
2439 2 3002 3004
2440 2 3003 3005
2441 2 3004 3006
2442 2 3005 3007
2443 2 3006 3008
2444 2 3007 3009
2445 2 3008 3010
2446 2 3009 3011
2447 2 3010 3012
2448 2 3011 3013
2449 2 3012 3014
2450 2 3013 3015
2451 2 3014 3016
2452 2 3015 3017
2453 2 3016 3018
2454 2 3017 3019
2455 2 3018 3020
2456 2 3019 3021
2457 2 3020 3022
2458 2 3024 3026
2459 2 3025 3027
2460 2 3026 3028
2461 2 3027 3029
2462 2 3028 3030
2463 2 3029 3031
2464 2 3030 3032
2465 2 3031 3033
2466 2 3037 3039
2467 2 3038 3040
2468 2 3039 3041
2469 2 3040 3042
2470 2 3041 3043
2471 2 3042 3044
2472 2 3043 3045
2473 2 3044 3046
2474 2 3045 3047
2475 2 3046 3048
2476 2 3047 3049
2477 2 3048 3050
2478 2 3049 3051
2479 2 3050 3052
2480 2 3051 3053
2481 2 3052 3054
2482 2 3053 3055
2483 2 3054 3056
2484 2 3055 3057
2485 2 3056 3058
2486 2 3057 3059
2487 2 3058 3060
2488 2 3059 3061
2489 2 3060 3062
2490 2 3061 3063
2491 2 3062 3064
2492 2 3063 3065
2493 2 3064 3066
2494 2 3065 3067
2495 2 3066 3068
2496 2 3067 3069
2497 2 3068 3070
2498 2 3069 3071
2499 2 3070 3072
2500 2 3071 3073
2501 2 3072 3074
2502 2 3073 3075
2503 2 3074 3076
2504 2 3075 3077
2505 2 3076 3078
2506 2 3077 3079
2507 2 3078 3080
2508 2 3079 3081
2509 2 3080 3082
2510 2 3081 3083
2511 2 3082 3084
2512 2 3083 3085
2513 2 3084 3086
2514 2 3085 3087
2515 2 3086 3088
2516 2 3087 3089
2517 2 3088 3090
2518 2 3089 3091
2519 2 3090 3092
2520 2 3091 3093
2521 2 3092 3094
2522 2 3093 3095
2523 2 3098 3100
2524 2 3099 3101
2525 2 3100 3102
2526 2 3101 3103
2527 2 3102 3104
2528 2 3103 3105
2529 2 3104 3106
2530 2 3105 3107
2531 2 3106 3108
2532 2 3107 3109
2533 2 3108 3110
2534 2 3109 3111
2535 2 3110 3112
2536 2 3111 3113
2537 2 3112 3114
2538 2 3113 3115
2539 2 3114 3116
2540 2 3115 3117
2541 2 3116 3118
2542 2 3117 3119
2543 2 3118 3120
2544 2 3119 3121
2545 2 3120 3122
2546 2 3121 3123
2547 2 3122 3124
2548 2 3123 3125
2549 2 3124 3126
2550 2 3125 3127
2551 2 3126 3128
2552 2 3127 3129
2553 2 3128 3130
2554 2 3129 3131
2555 2 3130 3132
2556 2 3131 3133
2557 2 3132 3134
2558 2 3133 3135
2559 2 3134 3136
2560 2 3135 3137
2561 2 3136 3138
2562 2 3137 3139
2563 2 3138 3140
2564 2 3139 3141
2565 2 3140 3142
2566 2 3141 3143
2567 2 3142 3144
2568 2 3143 3145
2569 2 3144 3146
2570 2 3145 3147
2571 2 3146 3148
2572 2 3147 3149
2573 2 3148 3150
2574 2 3149 3151
2575 2 3150 3152
2576 2 3151 3153
2577 2 3152 3154
2578 2 3153 3155
2579 2 3154 3156
2580 2 3155 3157
2581 2 3156 3158
2582 2 3157 3159
2583 2 3158 3160
2584 2 3159 3161
2585 2 3160 3162
2586 2 3161 3163
2587 2 3162 3164
2588 2 3163 3165
2589 2 3164 3166
2590 2 3165 3167
2591 2 3166 3168
2592 2 3167 3169
2593 2 3168 3170
2594 2 3169 3171
2595 2 3170 3172
2596 2 3171 3173
2597 2 3172 3174
2598 2 3173 3175
2599 2 3174 3176
2600 2 3175 3177
2601 2 3176 3178
2602 2 3177 3179
2603 2 3178 3180
2604 2 3179 3181
2605 2 3180 3182
2606 2 3181 3183
2607 2 3182 3184
2608 2 3183 3185
2609 2 3184 3186
2610 2 3185 3187
2611 2 3186 3188
2612 2 3187 3189
2613 2 3188 3190
2614 2 3189 3191
2615 2 3190 3192
2616 2 3191 3193
2617 2 3192 3194
2618 2 3193 3195
2619 2 3194 3196
2620 2 3195 3197
2621 2 3196 3198
2622 2 3197 3199
2623 2 3198 3200
2624 2 3199 3201
2625 2 3200 3202
2626 2 3201 3203
2627 2 3202 3204
2628 2 3203 3205
2629 2 3204 3206
2630 2 3205 3207
2631 2 3206 3208
2632 2 3207 3209
2633 2 3208 3210
2634 2 3209 3211
2635 2 3210 3212
2636 2 3211 3213
2637 2 3212 3214
2638 2 3213 3215
2639 2 3214 3216
2640 2 3215 3217
2641 2 3216 3218
2642 2 3217 3219
2643 2 3218 3220
2644 2 3219 3221
2645 2 3220 3222
2646 2 3221 3223
2647 2 3222 3224
2648 2 3223 3225
2649 2 3224 3226
2650 2 3225 3227
2651 2 3226 3228
2652 2 3227 3229
2653 2 3228 3230
2654 2 3229 3231
2655 2 3230 3232
2656 2 3231 3233
2657 2 3232 3234
2658 2 3233 3235
2659 2 3234 3236
2660 2 3235 3237
2661 2 3236 3238
2662 2 3237 3239
2663 2 3238 3240
2664 2 3239 3241
2665 2 3240 3242
2666 2 3241 3243
2667 2 3242 3244
2668 2 3243 3245
2669 2 3244 3246
2670 2 3245 3247
2671 2 3246 3248
2672 2 3247 3249
2673 2 3248 3250
2674 2 3249 3251
2675 2 3250 3252
2676 2 3251 3253
2677 2 3252 3254
2678 2 3253 3255
2679 2 3254 3256
2680 2 3255 3257
2681 2 3256 3258
2682 2 3257 3259
2683 2 3258 3260
2684 2 3259 3261
2685 2 3260 3262
2686 2 3261 3263
2687 2 3262 3264
2688 2 3263 3265
2689 2 3264 3266
2690 2 3265 3267
2691 2 3266 3268
2692 2 3267 3269
2693 2 3268 3270
2694 2 3269 3271
2695 2 3270 3272
2696 2 3271 3273
2697 2 3272 3274
2698 2 3273 3275
2699 2 3278 3280
2700 2 3279 3281
2701 2 3280 3282
2702 2 3281 3283
2703 2 3282 3284
2704 2 3283 3285
2705 2 3284 3286
2706 2 3285 3287
2707 2 3286 3288
2708 2 3287 3289
2709 2 3288 3290
2710 2 3289 3291
2711 2 3290 3292
2712 2 3291 3293
2713 2 3292 3294
2714 2 3293 3295
2715 2 3294 3296
2716 2 3295 3297
2717 2 3296 3298
2718 2 3297 3299
2719 2 3298 3300
2720 2 3299 3301
2721 2 3300 3302
2722 2 3301 3303
2723 2 3302 3304
2724 2 3303 3305
2725 2 3304 3306
2726 2 3305 3307
2727 2 3306 3308
2728 2 3307 3309
2729 2 3308 3310
2730 2 3309 3311
2731 2 3310 3312
2732 2 3311 3313
2733 2 3312 3314
2734 2 3313 3315
2735 2 3314 3316
2736 2 3315 3317
2737 2 3316 3318
2738 2 3317 3319
2739 2 3318 3320
2740 2 3319 3321
2741 2 3320 3322
2742 2 3321 3323
2743 2 3322 3324
2744 2 3323 3325
2745 2 3324 3326
2746 2 3325 3327
2747 2 3326 3328
2748 2 3327 3329
2749 2 3328 3330
2750 2 3329 3331
2751 2 3330 3332
2752 2 3331 3333
2753 2 3332 3334
2754 2 3333 3335
2755 2 3334 3336
2756 2 3335 3337
2757 2 3336 3338
2758 2 3337 3339
2759 2 3338 3340
2760 2 3339 3341
2761 2 3340 3342
2762 2 3341 3343
2763 2 3342 3344
2764 2 3343 3345
2765 2 3344 3346
2766 2 3345 3347
2767 2 3346 3348
2768 2 3347 3349
2769 2 3348 3350
2770 2 3349 3351
2771 2 3350 3352
2772 2 3351 3353
2773 2 3352 3354
2774 2 3353 3355
2775 2 3354 3356
2776 2 3355 3357
2777 2 3356 3358
2778 2 3357 3359
2779 2 3358 3360
2780 2 3359 3361
2781 2 3360 3362
2782 2 3361 3363
2783 2 3362 3364
2784 2 3363 3365
2785 2 3364 3366
2786 2 3365 3367
2787 2 3366 3368
2788 2 3367 3369
2789 2 3368 3370
2790 2 3369 3371
2791 2 3370 3372
2792 2 3371 3373
2793 2 3372 3374
2794 2 3373 3375
2795 2 3374 3376
2796 2 3375 3377
2797 2 3376 3378
2798 2 3377 3379
2799 2 3378 3380
2800 2 3379 3381
2801 2 3380 3382
2802 2 3381 3383
2803 2 3382 3384
2804 2 3383 3385
2805 2 3384 3386
2806 2 3385 3387
2807 2 3386 3388
2808 2 3387 3389
2809 2 3388 3390
2810 2 3389 3391
2811 2 3390 3392
2812 2 3391 3393
2813 2 3392 3394
2814 2 3393 3395
2815 2 3394 3396
2816 2 3395 3397
2817 2 3396 3398
2818 2 3397 3399
2819 2 3398 3400
2820 2 3399 3401
2821 2 3400 3402
2822 2 3401 3403
2823 2 3402 3404
2824 2 3403 3405
2825 2 3404 3406
2826 2 3405 3407
2827 2 3406 3408
2828 2 3407 3409
2829 2 3408 3410
2830 2 3409 3411
2831 2 3410 3412
2832 2 3411 3413
2833 2 3412 3414
2834 2 3413 3415
2835 2 3414 3416
2836 2 3415 3417
2837 2 3416 3418
2838 2 3417 3419
2839 2 3418 3420
2840 2 3419 3421
2841 2 3420 3422
2842 2 3421 3423
2843 2 3422 3424
2844 2 3423 3425
2845 2 3424 3426
2846 2 3425 3427
2847 2 3426 3428
2848 2 3427 3429
2849 2 3428 3430
2850 2 3429 3431
2851 2 3430 3432
2852 2 3431 3433
2853 2 3432 3434
2854 2 3433 3435
2855 2 3434 3436
2856 2 3435 3437
2857 2 3436 3438
2858 2 3437 3439
2859 2 3438 3440
2860 2 3439 3441
2861 2 3440 3442
2862 2 3441 3443
2863 2 3442 3444
2864 2 3443 3445
2865 2 3444 3446
2866 2 3445 3447
2867 2 3446 3448
2868 2 3447 3449
2869 2 3448 3450
2870 2 3449 3451
2871 2 3450 3452
2872 2 3451 3453
2873 2 3452 3454
2874 2 3453 3455
2875 2 3454 3456
2876 2 3455 3457
2877 2 3456 3458
2878 2 3457 3459
2879 2 3458 3460
2880 2 3459 3461
2881 2 3460 3462
2882 2 3461 3463
2883 2 3462 3464
2884 2 3463 3465
2885 2 3464 3466
2886 2 3465 3467
2887 2 3466 3468
2888 2 3467 3469
2889 2 3468 3470
2890 2 3469 3471
2891 2 3470 3472
2892 2 3471 3473
2893 2 3472 3474
2894 2 3473 3475
2895 2 3474 3476
2896 2 3475 3477
2897 2 3476 3478
2898 2 3477 3479
2899 2 3478 3480
2900 2 3479 3481
2901 2 3480 3482
2902 2 3481 3483
2903 2 3482 3484
2904 2 3483 3485
2905 2 3484 3486
2906 2 3485 3487
2907 2 3486 3488
2908 2 3487 3489
2909 2 3492 3494
2910 2 3493 3495
2911 2 3494 3496
2912 2 3495 3497
2913 2 3496 3498
2914 2 3497 3499
2915 2 3498 3500
2916 2 3499 3501
2917 2 3500 3502
2918 2 3501 3503
2919 2 3502 3504
2920 2 3503 3505
2921 2 3504 3506
2922 2 3505 3507
2923 2 3506 3508
2924 2 3507 3509
2925 2 3508 3510
2926 2 3509 3511
2927 2 3510 3512
2928 2 3511 3513
2929 2 3512 3514
2930 2 3513 3515
2931 2 3514 3516
2932 2 3515 3517
2933 2 3516 3518
2934 2 3517 3519
2935 2 3518 3520
2936 2 3519 3521
2937 2 3520 3522
2938 2 3521 3523
2939 2 3522 3524
2940 2 3523 3525
2941 2 3524 3526
2942 2 3525 3527
2943 2 3526 3528
2944 2 3527 3529
2945 2 3528 3530
2946 2 3529 3531
2947 2 3530 3532
2948 2 3531 3533
2949 2 3536 3538
2950 2 3537 3539
2951 2 3538 3540
2952 2 3539 3541
2953 2 3540 3542
2954 2 3541 3543
2955 2 3542 3544
2956 2 3543 3545
2957 2 3544 3546
2958 2 3545 3547
2959 2 3546 3548
2960 2 3547 3549
2961 2 3548 3550
2962 2 3549 3551
2963 2 3550 3552
2964 2 3551 3553
2965 2 3552 3554
2966 2 3553 3555
2967 2 3554 3556
2968 2 3555 3557
2969 2 3556 3558
2970 2 3557 3559
2971 2 3558 3560
2972 2 3559 3561
2973 2 3560 3562
2974 2 3561 3563
2975 2 3562 3564
2976 2 3563 3565
2977 2 3564 3566
2978 2 3565 3567
2979 2 3566 3568
2980 2 3567 3569
2981 2 3568 3570
2982 2 3569 3571
2983 2 3570 3572
2984 2 3571 3573
2985 2 3572 3574
2986 2 3573 3575
2987 2 3574 3576
2988 2 3575 3577
2989 2 3576 3578
2990 2 3577 3579
2991 2 3578 3580
2992 2 3579 3581
2993 2 3580 3582
2994 2 3581 3583
2995 2 3582 3584
2996 2 3583 3585
2997 2 3584 3586
2998 2 3585 3587
2999 2 3586 3588
3000 2 3587 3589
3001 2 3588 3590
3002 2 3589 3591
3003 2 3590 3592
3004 2 3591 3593
3005 2 3592 3594
3006 2 3593 3595
3007 2 3594 3596
3008 2 3595 3597
3009 2 3596 3598
3010 2 3597 3599
3011 2 3598 3600
3012 2 3599 3601
3013 2 3600 3602
3014 2 3601 3603
3015 2 3602 3604
3016 2 3603 3605
3017 2 3604 3606
3018 2 3605 3607
3019 2 3606 3608
3020 2 3607 3609
3021 2 3608 3610
3022 2 3609 3611
3023 2 3610 3612
3024 2 3611 3613
3025 2 3612 3614
3026 2 3613 3615
3027 2 3614 3616
3028 2 3615 3617
3029 2 3616 3618
3030 2 3617 3619
3031 2 3618 3620
3032 2 3619 3621
3033 2 3620 3622
3034 2 3621 3623
3035 2 3622 3624
3036 2 3623 3625
3037 2 3624 3626
3038 2 3625 3627
3039 2 3626 3628
3040 2 3627 3629
3041 2 3633 3635
3042 2 3634 3636
3043 2 3635 3637
3044 2 3636 3638
3045 2 3637 3639
3046 2 3638 3640
3047 2 3639 3641
3048 2 3640 3642
3049 2 3641 3643
3050 2 3642 3644
3051 2 3643 3645
3052 2 3644 3646
3053 2 3645 3647
3054 2 3646 3648
3055 2 3647 3649
3056 2 3648 3650
3057 2 3649 3651
3058 2 3650 3652
3059 2 3651 3653
3060 2 3652 3654
3061 2 3653 3655
3062 2 3654 3656
3063 2 3655 3657
3064 2 3656 3658
3065 2 3657 3659
3066 2 3658 3660
3067 2 3659 3661
3068 2 3660 3662
3069 2 3661 3663
3070 2 3662 3664
3071 2 3663 3665
3072 2 3664 3666
3073 2 3665 3667
3074 2 3666 3668
3075 2 3667 3669
3076 2 3668 3670
3077 2 3669 3671
3078 2 3670 3672
3079 2 3671 3673
3080 2 3672 3674
3081 2 3673 3675
3082 2 3674 3676
3083 2 3675 3677
3084 2 3676 3678
3085 2 3677 3679
3086 2 3678 3680
3087 2 3679 3681
3088 2 3680 3682
3089 2 3681 3683
3090 2 3682 3684
3091 2 3683 3685
3092 2 3684 3686
3093 2 3685 3687
3094 2 3686 3688
3095 2 3687 3689
3096 2 3688 3690
3097 2 3689 3691
3098 2 3690 3692
3099 2 3691 3693
3100 2 3692 3694
3101 2 3693 3695
3102 2 3694 3696
3103 2 3695 3697
3104 2 3696 3698
3105 2 3697 3699
3106 2 3698 3700
3107 2 3699 3701
3108 2 3700 3702
3109 2 3701 3703
3110 2 3702 3704
3111 2 3703 3705
3112 2 3704 3706
3113 2 3705 3707
3114 2 3706 3708
3115 2 3707 3709
3116 2 3708 3710
3117 2 3709 3711
3118 2 3710 3712
3119 2 3711 3713
3120 2 3712 3714
3121 2 3713 3715
3122 2 3714 3716
3123 2 3715 3717
3124 2 3716 3718
3125 2 3717 3719
3126 2 3718 3720
3127 2 3719 3721
3128 2 3720 3722
3129 2 3721 3723
3130 2 3722 3724
3131 2 3723 3725
3132 2 3724 3726
3133 2 3725 3727
3134 2 3726 3728
3135 2 3727 3729
3136 2 3728 3730
3137 2 3729 3731
3138 2 3730 3732
3139 2 3731 3733
3140 2 3732 3734
3141 2 3733 3735
3142 2 3734 3736
3143 2 3735 3737
3144 2 3736 3738
3145 2 3737 3739
3146 2 3738 3740
3147 2 3739 3741
3148 2 3740 3742
3149 2 3741 3743
3150 2 3742 3744
3151 2 3743 3745
3152 2 3744 3746
3153 2 3745 3747
3154 2 3746 3748
3155 2 3747 3749
3156 2 3748 3750
3157 2 3749 3751
3158 2 3750 3752
3159 2 3751 3753
3160 2 3752 3754
3161 2 3753 3755
3162 2 3754 3756
3163 2 3755 3757
3164 2 3756 3758
3165 2 3757 3759
3166 2 3758 3760
3167 2 3759 3761
3168 2 3760 3762
3169 2 3761 3763
3170 2 3762 3764
3171 2 3763 3765
3172 2 3764 3766
3173 2 3765 3767
3174 2 3766 3768
3175 2 3767 3769
3176 2 3768 3770
3177 2 3769 3771
3178 2 3770 3772
3179 2 3771 3773
3180 2 3772 3774
3181 2 3773 3775
3182 2 3774 3776
3183 2 3775 3777
3184 2 3776 3778
3185 2 3777 3779
3186 2 3778 3780
3187 2 3779 3781
3188 2 3780 3782
3189 2 3781 3783
3190 2 3782 3784
3191 2 3783 3785
3192 2 3784 3786
3193 2 3785 3787
3194 2 3786 3788
3195 2 3787 3789
3196 2 3788 3790
3197 2 3789 3791
3198 2 3790 3792
3199 2 3791 3793
3200 2 3792 3794
3201 2 3793 3795
3202 2 3794 3796
3203 2 3795 3797
3204 2 3796 3798
3205 2 3797 3799
3206 2 3798 3800
3207 2 3799 3801
3208 2 3800 3802
3209 2 3801 3803
3210 2 3802 3804
3211 2 3803 3805
3212 2 3804 3806
3213 2 3805 3807
3214 2 3806 3808
3215 2 3807 3809
3216 2 3808 3810
3217 2 3809 3811
3218 2 3810 3812
3219 2 3817 3819
3220 2 3818 3820
3221 2 3819 3821
3222 2 3820 3822
3223 2 3821 3823
3224 2 3822 3824
3225 2 3823 3825
3226 2 3824 3826
3227 2 3825 3827
3228 2 3826 3828
3229 2 3827 3829
3230 2 3828 3830
3231 2 3829 3831
3232 2 3830 3832
3233 2 3831 3833
3234 2 3832 3834
3235 2 3833 3835
3236 2 3834 3836
3237 2 3835 3837
3238 2 3836 3838
3239 2 3837 3839
3240 2 3838 3840
3241 2 3839 3841
3242 2 3840 3842
3243 2 3841 3843
3244 2 3842 3844
3245 2 3843 3845
3246 2 3844 3846
3247 2 3845 3847
3248 2 3846 3848
3249 2 3847 3849
3250 2 3848 3850
3251 2 3849 3851
3252 2 3850 3852
3253 2 3851 3853
3254 2 3852 3854
3255 2 3853 3855
3256 2 3854 3856
3257 2 3855 3857
3258 2 3856 3858
3259 2 3857 3859
3260 2 3858 3860
3261 2 3859 3861
3262 2 3860 3862
3263 2 3861 3863
3264 2 3862 3864
3265 2 3863 3865
3266 2 3864 3866
3267 2 3865 3867
3268 2 3866 3868
3269 2 3867 3869
3270 2 3868 3870
3271 2 3869 3871
3272 2 3870 3872
3273 2 3871 3873
3274 2 3872 3874
3275 2 3873 3875
3276 2 3874 3876
3277 2 3875 3877
3278 2 3876 3878
3279 2 3877 3879
3280 2 3878 3880
3281 2 3879 3881
3282 2 3880 3882
3283 2 3881 3883
3284 2 3882 3884
3285 2 3883 3885
3286 2 3884 3886
3287 2 3885 3887
3288 2 3886 3888
3289 2 3887 3889
3290 2 3888 3890
3291 2 3889 3891
3292 2 3890 3892
3293 2 3891 3893
3294 2 3892 3894
3295 2 3893 3895
3296 2 3894 3896
3297 2 3895 3897
3298 2 3896 3898
3299 2 3897 3899
3300 2 3898 3900
3301 2 3899 3901
3302 2 3900 3902
3303 2 3901 3903
3304 2 3902 3904
3305 2 3903 3905
3306 2 3904 3906
3307 2 3905 3907
3308 2 3906 3908
3309 2 3907 3909
3310 2 3908 3910
3311 2 3909 3911
3312 2 3910 3912
3313 2 3911 3913
3314 2 3912 3914
3315 2 3913 3915
3316 2 3914 3916
3317 2 3915 3917
3318 2 3916 3918
3319 2 3917 3919
3320 2 3918 3920
3321 2 3919 3921
3322 2 3920 3922
3323 2 3921 3923
3324 2 3922 3924
3325 2 3923 3925
3326 2 3924 3926
3327 2 3925 3927
3328 2 3926 3928
3329 2 3927 3929
3330 2 3928 3930
3331 2 3929 3931
3332 2 3930 3932
3333 2 3931 3933
3334 2 3932 3934
3335 2 3933 3935
3336 2 3934 3936
3337 2 3935 3937
3338 2 3936 3938
3339 2 3937 3939
3340 2 3938 3940
3341 2 3939 3941
3342 2 3940 3942
3343 2 3941 3943
3344 2 3942 3944
3345 2 3943 3945
3346 2 3944 3946
3347 2 3945 3947
3348 2 3946 3948
3349 2 3947 3949
3350 2 3948 3950
3351 2 3949 3951
3352 2 3950 3952
3353 2 3951 3953
3354 2 3952 3954
3355 2 3953 3955
3356 2 3954 3956
3357 2 3955 3957
3358 2 3956 3958
3359 2 3957 3959
3360 2 3958 3960
3361 2 3959 3961
3362 2 3960 3962
3363 2 3961 3963
3364 2 3962 3964
3365 2 3963 3965
3366 2 3964 3966
3367 2 3965 3967
3368 2 3966 3968
3369 2 3967 3969
3370 2 3968 3970
3371 2 3969 3971
3372 2 3970 3972
3373 2 3971 3973
3374 2 3972 3974
3375 2 3973 3975
3376 2 3974 3976
3377 2 3975 3977
3378 2 3976 3978
3379 2 3977 3979
3380 2 3978 3980
3381 2 3979 3981
3382 2 3980 3982
3383 2 3981 3983
3384 2 3982 3984
3385 2 3983 3985
3386 2 3984 3986
3387 2 3985 3987
3388 2 3986 3988
3389 2 3987 3989
3390 2 3988 3990
3391 2 3989 3991
3392 2 3990 3992
3393 2 3991 3993
3394 2 3992 3994
3395 2 3993 3995
3396 2 3994 3996
3397 2 3995 3997
3398 2 3996 3998
3399 2 3997 3999
3400 2 3998 4000
3401 2 3999 4001
3402 2 4000 4002
3403 2 4001 4003
3404 2 4002 4004
3405 2 4003 4005
3406 2 4004 4006
3407 2 4005 4007
3408 2 4006 4008
3409 2 4007 4009
3410 2 4008 4010
3411 2 4009 4011
3412 2 4010 4012
3413 2 4011 4013
3414 2 4012 4014
3415 2 4013 4015
3416 2 4014 4016
3417 2 4015 4017
3418 2 4016 4018
3419 2 4017 4019
3420 2 4018 4020
3421 2 4019 4021
3422 2 4020 4022
3423 2 4021 4023
3424 2 4022 4024
3425 2 4023 4025
3426 2 4024 4026
3427 2 4025 4027
3428 2 4026 4028
3429 2 4027 4029
3430 2 4028 4030
3431 2 4029 4031
3432 2 4030 4032
3433 2 4031 4033
3434 2 4032 4034
3435 2 4033 4035
3436 2 4034 4036
3437 2 4035 4037
3438 2 4036 4038
3439 2 4037 4039
3440 2 4038 4040
3441 2 4039 4041
3442 2 4040 4042
3443 2 4041 4043
3444 2 4042 4044
3445 2 4043 4045
3446 2 4044 4046
3447 2 4045 4047
3448 2 4046 4048
3449 2 4047 4049
3450 2 4048 4050
3451 2 4049 4051
3452 2 4050 4052
3453 2 4051 4053
3454 2 4052 4054
3455 2 4053 4055
3456 2 4054 4056
3457 2 4055 4057
3458 2 4056 4058
3459 2 4057 4059
3460 2 4058 4060
3461 2 4059 4061
3462 2 4060 4062
3463 2 4061 4063
3464 2 4062 4064
3465 2 4063 4065
3466 2 4064 4066
3467 2 4065 4067
3468 2 4066 4068
3469 2 4067 4069
3470 2 4068 4070
3471 2 4069 4071
3472 2 4070 4072
3473 2 4071 4073
3474 2 4072 4074
3475 2 4073 4075
3476 2 4074 4076
3477 2 4075 4077
3478 2 4076 4078
3479 2 4077 4079
3480 2 4078 4080
3481 2 4079 4081
3482 2 4080 4082
3483 2 4081 4083
3484 2 4082 4084
3485 2 4083 4085
3486 2 4084 4086
3487 2 4085 4087
3488 2 4086 4088
3489 2 4087 4089
3490 2 4088 4090
3491 2 4089 4091
3492 2 4090 4092
3493 2 4091 4093
3494 2 4092 4094
3495 2 4093 4095
3496 2 4094 4096
3497 2 4095 4097
3498 2 4096 4098
3499 2 4097 4099
3500 2 4098 4100
3501 2 4099 4101
3502 2 4100 4102
3503 2 4101 4103
3504 2 4102 4104
3505 2 4103 4105
3506 2 4104 4106
3507 2 4105 4107
3508 2 4106 4108
3509 2 4107 4109
3510 2 4108 4110
3511 2 4109 4111
3512 2 4110 4112
3513 2 4111 4113
3514 2 4112 4114
3515 2 4113 4115
3516 2 4114 4116
3517 2 4115 4117
3518 2 4116 4118
3519 2 4117 4119
3520 2 4118 4120
3521 2 4119 4121
3522 2 4120 4122
3523 2 4121 4123
3524 2 4122 4124
3525 2 4123 4125
3526 2 4124 4126
3527 2 4125 4127
3528 2 4126 4128
3529 2 4127 4129
3530 2 4128 4130
3531 2 4129 4131
3532 2 4130 4132
3533 2 4131 4133
3534 2 4132 4134
3535 2 4133 4135
3536 2 4134 4136
3537 2 4135 4137
3538 2 4136 4138
3539 2 4137 4139
3540 2 4138 4140
3541 2 4139 4141
3542 2 4140 4142
3543 2 4141 4143
3544 2 4142 4144
3545 2 4143 4145
3546 2 4144 4146
3547 2 4145 4147
3548 2 4146 4148
3549 2 4147 4149
3550 2 4148 4150
3551 2 4149 4151
3552 2 4150 4152
3553 2 4151 4153
3554 2 4152 4154
3555 2 4153 4155
3556 2 4154 4156
3557 2 4155 4157
3558 2 4156 4158
3559 2 4157 4159
3560 2 4158 4160
3561 2 4159 4161
3562 2 4160 4162
3563 2 4161 4163
3564 2 4162 4164
3565 2 4163 4165
3566 2 4164 4166
3567 2 4165 4167
3568 2 4166 4168
3569 2 4167 4169
3570 2 4168 4170
3571 2 4169 4171
3572 2 4170 4172
3573 2 4171 4173
3574 2 4172 4174
3575 2 4173 4175
3576 2 4174 4176
3577 2 4175 4177
3578 2 4176 4178
3579 2 4177 4179
3580 2 4178 4180
3581 2 4179 4181
3582 2 4180 4182
3583 2 4181 4183
3584 2 4182 4184
3585 2 4183 4185
3586 2 4184 4186
3587 2 4185 4187
3588 2 4186 4188
3589 2 4187 4189
3590 2 4188 4190
3591 2 4189 4191
3592 2 4190 4192
3593 2 4191 4193
3594 2 4192 4194
3595 2 4193 4195
3596 2 4194 4196
3597 2 4195 4197
3598 2 4196 4198
3599 2 4197 4199
3600 2 4198 4200
3601 2 4199 4201
3602 2 4200 4202
3603 2 4201 4203
3604 2 4202 4204
3605 2 4203 4205
3606 2 4204 4206
3607 2 4205 4207
3608 2 4206 4208
3609 2 4207 4209
3610 2 4208 4210
3611 2 4209 4211
3612 2 4210 4212
3613 2 4211 4213
3614 2 4212 4214
3615 2 4213 4215
3616 2 4214 4216
3617 2 4215 4217
3618 2 4216 4218
3619 2 4217 4219
3620 2 4218 4220
3621 2 4219 4221
3622 2 4220 4222
3623 2 4221 4223
3624 2 4222 4224
3625 2 4223 4225
3626 2 4224 4226
3627 2 4225 4227
3628 2 4226 4228
3629 2 4227 4229
3630 2 4228 4230
3631 2 4229 4231
3632 2 4230 4232
3633 2 4231 4233
3634 2 4232 4234
3635 2 4233 4235
3636 2 4234 4236
3637 2 4235 4237
3638 2 4236 4238
3639 2 4237 4239
3640 2 4238 4240
3641 2 4239 4241
3642 2 4240 4242
3643 2 4241 4243
3644 2 4242 4244
3645 2 4243 4245
3646 2 4244 4246
3647 2 4245 4247
3648 2 4246 4248
3649 2 4247 4249
3650 2 4248 4250
3651 2 4249 4251
3652 2 4250 4252
3653 2 4251 4253
3654 2 4252 4254
3655 2 4253 4255
3656 2 4254 4256
3657 2 4255 4257
3658 2 4256 4258
3659 2 4257 4259
3660 2 4258 4260
3661 2 4259 4261
3662 2 4260 4262
3663 2 4261 4263
3664 2 4262 4264
3665 2 4263 4265
3666 2 4264 4266
3667 2 4265 4267
3668 2 4266 4268
3669 2 4267 4269
3670 2 4268 4270
3671 2 4269 4271
3672 2 4270 4272
3673 2 4271 4273
3674 2 4272 4274
3675 2 4273 4275
3676 2 4274 4276
3677 2 4275 4277
3678 2 4276 4278
3679 2 4277 4279
3680 2 4278 4280
3681 2 4279 4281
3682 2 4280 4282
3683 2 4281 4283
3684 2 4282 4284
3685 2 4283 4285
3686 2 4284 4286
3687 2 4285 4287
3688 2 4286 4288
3689 2 4287 4289
3690 2 4288 4290
3691 2 4289 4291
3692 2 4290 4292
3693 2 4291 4293
3694 2 4292 4294
3695 2 4293 4295
3696 2 4294 4296
3697 2 4295 4297
3698 2 4296 4298
3699 2 4297 4299
3700 2 4298 4300
3701 2 4299 4301
3702 2 4300 4302
3703 2 4301 4303
3704 2 4302 4304
3705 2 4303 4305
3706 2 4304 4306
3707 2 4305 4307
3708 2 4306 4308
3709 2 4307 4309
3710 2 4308 4310
3711 2 4309 4311
3712 2 4310 4312
3713 2 4311 4313
3714 2 4312 4314
3715 2 4313 4315
3716 2 4314 4316
3717 2 4315 4317
3718 2 4316 4318
3719 2 4317 4319
3720 2 4318 4320
3721 2 4319 4321
3722 2 4320 4322
3723 2 4321 4323
3724 2 4322 4324
3725 2 4323 4325
3726 2 4324 4326
3727 2 4325 4327
3728 2 4326 4328
3729 2 4327 4329
3730 2 4328 4330
3731 2 4329 4331
3732 2 4330 4332
3733 2 4331 4333
3734 2 4332 4334
3735 2 4333 4335
3736 2 4334 4336
3737 2 4335 4337
3738 2 4336 4338
3739 2 4337 4339
3740 2 4338 4340
3741 2 4339 4341
3742 2 4340 4342
3743 2 4341 4343
3744 2 4342 4344
3745 2 4343 4345
3746 2 4344 4346
3747 2 4345 4347
3748 2 4346 4348
3749 2 4347 4349
3750 2 4348 4350
3751 2 4349 4351
3752 2 4350 4352
3753 2 4351 4353
3754 2 4352 4354
3755 2 4353 4355
3756 2 4354 4356
3757 2 4355 4357
3758 2 4356 4358
3759 2 4357 4359
3760 2 4358 4360
3761 2 4359 4361
3762 2 4360 4362
3763 2 4361 4363
3764 2 4362 4364
3765 2 4363 4365
3766 2 4364 4366
3767 2 4365 4367
3768 2 4366 4368
3769 2 4367 4369
3770 2 4368 4370
3771 2 4369 4371
3772 2 4370 4372
3773 2 4371 4373
3774 2 4372 4374
3775 2 4373 4375
3776 2 4374 4376
3777 2 4375 4377
3778 2 4376 4378
3779 2 4377 4379
3780 2 4378 4380
3781 2 4379 4381
3782 2 4380 4382
3783 2 4381 4383
3784 2 4382 4384
3785 2 4383 4385
3786 2 4384 4386
3787 2 4385 4387
3788 2 4386 4388
3789 2 4387 4389
3790 2 4388 4390
3791 2 4389 4391
3792 2 4390 4392
3793 2 4391 4393
3794 2 4392 4394
3795 2 4393 4395
3796 2 4394 4396
3797 2 4395 4397
3798 2 4396 4398
3799 2 4397 4399
3800 2 4398 4400
3801 2 4399 4401
3802 2 4400 4402
3803 2 4401 4403
3804 2 4402 4404
3805 2 4403 4405
3806 2 4404 4406
3807 2 4405 4407
3808 2 4406 4408
3809 2 4407 4409
3810 2 4408 4410
3811 2 4409 4411
3812 2 4410 4412
3813 2 4411 4413
3814 2 4412 4414
3815 2 4413 4415
3816 2 4414 4416
3817 2 4415 4417
3818 2 4416 4418
3819 2 4417 4419
3820 2 4418 4420
3821 2 4419 4421
3822 2 4420 4422
3823 2 4421 4423
3824 2 4422 4424
3825 2 4423 4425
3826 2 4424 4426
3827 2 4425 4427
3828 2 4426 4428
3829 2 4427 4429
3830 2 4428 4430
3831 2 4429 4431
3832 2 4430 4432
3833 2 4431 4433
3834 2 4432 4434
3835 2 4433 4435
3836 2 4434 4436
3837 2 4435 4437
3838 2 4436 4438
3839 2 4437 4439
3840 2 4438 4440
3841 2 4439 4441
3842 2 4440 4442
3843 2 4441 4443
3844 2 4442 4444
3845 2 4443 4445
3846 2 4444 4446
3847 2 4445 4447
3848 2 4446 4448
3849 2 4447 4449
3850 2 4448 4450
3851 2 4449 4451
3852 2 4450 4452
3853 2 4451 4453
3854 2 4452 4454
3855 2 4453 4455
3856 2 4454 4456
3857 2 4455 4457
3858 2 4456 4458
3859 2 4457 4459
3860 2 4458 4460
3861 2 4459 4461
3862 2 4460 4462
3863 2 4461 4463
3864 2 4462 4464
3865 2 4463 4465
3866 2 4464 4466
3867 2 4465 4467
3868 2 4466 4468
3869 2 4467 4469
3870 2 4468 4470
3871 2 4469 4471
3872 2 4470 4472
3873 2 4471 4473
3874 2 4472 4474
3875 2 4473 4475
3876 2 4474 4476
3877 2 4475 4477
3878 2 4476 4478
3879 2 4477 4479
3880 2 4478 4480
3881 2 4479 4481
3882 2 4480 4482
3883 2 4481 4483
3884 2 4482 4484
3885 2 4483 4485
3886 2 4484 4486
3887 2 4485 4487
3888 2 4486 4488
3889 2 4487 4489
3890 2 4488 4490
3891 2 4489 4491
3892 2 4490 4492
3893 2 4491 4493
3894 2 4492 4494
3895 2 4493 4495
3896 2 4494 4496
3897 2 4495 4497
3898 2 4496 4498
3899 2 4497 4499
3900 2 4498 4500
3901 2 4499 4501
3902 2 4500 4502
3903 2 4501 4503
3904 2 4502 4504
3905 2 4503 4505
3906 2 4504 4506
3907 2 4505 4507
3908 2 4506 4508
3909 2 4507 4509
3910 2 4508 4510
3911 2 4509 4511
3912 2 4510 4512
3913 2 4511 4513
3914 2 4512 4514
3915 2 4513 4515
3916 2 4514 4516
3917 2 4515 4517
3918 2 4516 4518
3919 2 4517 4519
3920 2 4518 4520
3921 2 4519 4521
3922 2 4520 4522
3923 2 4521 4523
3924 2 4522 4524
3925 2 4523 4525
3926 2 4524 4526
3927 2 4525 4527
3928 2 4526 4528
3929 2 4527 4529
3930 2 4528 4530
3931 2 4529 4531
3932 2 4530 4532
3933 2 4531 4533
3934 2 4532 4534
3935 2 4533 4535
3936 2 4534 4536
3937 2 4535 4537
3938 2 4536 4538
3939 2 4537 4539
3940 2 4538 4540
3941 2 4539 4541
3942 2 4540 4542
3943 2 4541 4543
3944 2 4542 4544
3945 2 4543 4545
3946 2 4544 4546
3947 2 4545 4547
3948 2 4546 4548
3949 2 4547 4549
3950 2 4548 4550
3951 2 4549 4551
3952 2 4550 4552
3953 2 4551 4553
3954 2 4552 4554
3955 2 4553 4555
3956 2 4554 4556
3957 2 4555 4557
3958 2 4556 4558
3959 2 4557 4559
3960 2 4558 4560
3961 2 4559 4561
3962 2 4560 4562
3963 2 4561 4563
3964 2 4562 4564
3965 2 4563 4565
3966 2 4564 4566
3967 2 4565 4567
3968 2 4566 4568
3969 2 4567 4569
3970 2 4568 4570
3971 2 4569 4571
3972 2 4570 4572
3973 2 4571 4573
3974 2 4572 4574
3975 2 4573 4575
3976 2 4574 4576
3977 2 4575 4577
3978 2 4576 4578
3979 2 4577 4579
3980 2 4578 4580
3981 2 4579 4581
3982 2 4580 4582
3983 2 4581 4583
3984 2 4582 4584
3985 2 4583 4585
3986 2 4584 4586
3987 2 4585 4587
3988 2 4586 4588
3989 2 4587 4589
3990 2 4588 4590
3991 2 4589 4591
3992 2 4590 4592
3993 2 4591 4593
3994 2 4592 4594
3995 2 4593 4595
3996 2 4594 4596
3997 2 4595 4597
3998 2 4596 4598
3999 2 4597 4599
4000 2 4598 4600
4001 2 4599 4601
4002 2 4600 4602
4003 2 4601 4603
4004 2 4602 4604
4005 2 4603 4605
4006 2 4604 4606
4007 2 4605 4607
4008 2 4606 4608
4009 2 4607 4609
4010 2 4608 4610
4011 2 4609 4611
4012 2 4610 4612
4013 2 4611 4613
4014 2 4612 4614
4015 2 4613 4615
4016 2 4614 4616
4017 2 4615 4617
4018 2 4616 4618
4019 2 4617 4619
4020 2 4618 4620
4021 2 4619 4621
4022 2 4620 4622
4023 2 4621 4623
4024 2 4622 4624
4025 2 4623 4625
4026 2 4624 4626
4027 2 4625 4627
4028 2 4626 4628
4029 2 4627 4629
4030 2 4628 4630
4031 2 4629 4631
4032 2 4630 4632
4033 2 4631 4633
4034 2 4632 4634
4035 2 4633 4635
4036 2 4634 4636
4037 2 4635 4637
4038 2 4636 4638
4039 2 4637 4639
4040 2 4638 4640
4041 2 4639 4641
4042 2 4640 4642
4043 2 4641 4643
4044 2 4642 4644
4045 2 4643 4645
4046 2 4644 4646
4047 2 4645 4647
4048 2 4646 4648
4049 2 4647 4649
4050 2 4648 4650
4051 2 4649 4651
4052 2 4650 4652
4053 2 4651 4653
4054 2 4652 4654
4055 2 4653 4655
4056 2 4654 4656
4057 2 4655 4657
4058 2 4656 4658
4059 2 4657 4659
4060 2 4658 4660
4061 2 4659 4661
4062 2 4660 4662
4063 2 4661 4663
4064 2 4662 4664
4065 2 4663 4665
4066 2 4664 4666
4067 2 4665 4667
4068 2 4666 4668
4069 2 4667 4669
4070 2 4668 4670
4071 2 4669 4671
4072 2 4670 4672
4073 2 4671 4673
4074 2 4672 4674
4075 2 4673 4675
4076 2 4674 4676
4077 2 4675 4677
4078 2 4676 4678
4079 2 4677 4679
4080 2 4678 4680
4081 2 4679 4681
4082 2 4680 4682
4083 2 4681 4683
4084 2 4682 4684
4085 2 4683 4685
4086 2 4684 4686
4087 2 4685 4687
4088 2 4686 4688
4089 2 4687 4689
4090 2 4688 4690
4091 2 4689 4691
4092 2 4690 4692
4093 2 4691 4693
4094 2 4692 4694
4095 2 4693 4695
4096 2 4694 4696
4097 2 4695 4697
4098 2 4696 4698
4099 2 4697 4699
4100 2 4698 4700
4101 2 4699 4701
4102 2 4700 4702
4103 2 4701 4703
4104 2 4702 4704
4105 2 4703 4705
4106 2 4704 4706
4107 2 4705 4707
4108 2 4706 4708
4109 2 4707 4709
4110 2 4708 4710
4111 2 4709 4711
4112 2 4710 4712
4113 2 4711 4713
4114 2 4712 4714
4115 2 4713 4715
4116 2 4714 4716
4117 2 4715 4717
4118 2 4716 4718
4119 2 4717 4719
4120 2 4718 4720
4121 2 4719 4721
4122 2 4720 4722
4123 2 4721 4723
4124 2 4722 4724
4125 2 4723 4725
4126 2 4724 4726
4127 2 4725 4727
4128 2 4726 4728
4129 2 4727 4729
4130 2 4728 4730
4131 2 4729 4731
4132 2 4730 4732
4133 2 4731 4733
4134 2 4732 4734
4135 2 4733 4735
4136 2 4734 4736
4137 2 4735 4737
4138 2 4736 4738
4139 2 4737 4739
4140 2 4738 4740
4141 2 4739 4741
4142 2 4740 4742
4143 2 4741 4743
4144 2 4742 4744
4145 2 4743 4745
4146 2 4744 4746
4147 2 4745 4747
4148 2 4746 4748
4149 2 4747 4749
4150 2 4748 4750
4151 2 4749 4751
4152 2 4750 4752
4153 2 4751 4753
4154 2 4752 4754
4155 2 4753 4755
4156 2 4754 4756
4157 2 4755 4757
4158 2 4756 4758
4159 2 4757 4759
4160 2 4758 4760
4161 2 4759 4761
4162 2 4760 4762
4163 2 4761 4763
4164 2 4762 4764
4165 2 4763 4765
4166 2 4764 4766
4167 2 4765 4767
4168 2 4766 4768
4169 2 4767 4769
4170 2 4768 4770
4171 2 4769 4771
4172 2 4770 4772
4173 2 4771 4773
4174 2 4772 4774
4175 2 4773 4775
4176 2 4774 4776
4177 2 4775 4777
4178 2 4776 4778
4179 2 4777 4779
4180 2 4778 4780
4181 2 4779 4781
4182 2 4780 4782
4183 2 4781 4783
4184 2 4782 4784
4185 2 4783 4785
4186 2 4784 4786
4187 2 4785 4787
4188 2 4786 4788
4189 2 4787 4789
4190 2 4788 4790
4191 2 4789 4791
4192 2 4790 4792
4193 2 4791 4793
4194 2 4792 4794
4195 2 4793 4795
4196 2 4794 4796
4197 2 4795 4797
4198 2 4796 4798
4199 2 4797 4799
4200 2 4798 4800
4201 2 4799 4801
4202 2 4800 4802
4203 2 4801 4803
4204 2 4802 4804
4205 2 4803 4805
4206 2 4804 4806
4207 2 4805 4807
4208 2 4806 4808
4209 2 4807 4809
4210 2 4808 4810
4211 2 4809 4811
4212 2 4810 4812
4213 2 4811 4813
4214 2 4812 4814
4215 2 4813 4815
4216 2 4814 4816
4217 2 4815 4817
4218 2 4816 4818
4219 2 4817 4819
4220 2 4818 4820
4221 2 4819 4821
4222 2 4820 4822
4223 2 4821 4823
4224 2 4822 4824
4225 2 4823 4825
4226 2 4824 4826
4227 2 4825 4827
4228 2 4826 4828
4229 2 4827 4829
4230 2 4828 4830
4231 2 4829 4831
4232 2 4830 4832
4233 2 4831 4833
4234 2 4832 4834
4235 2 4833 4835
4236 2 4834 4836
4237 2 4835 4837
4238 2 4836 4838
4239 2 4837 4839
4240 2 4838 4840
4241 2 4839 4841
4242 2 4840 4842
4243 2 4841 4843
4244 2 4842 4844
4245 2 4843 4845
4246 2 4844 4846
4247 2 4845 4847
4248 2 4846 4848
4249 2 4847 4849
4250 2 4848 4850
4251 2 4849 4851
4252 2 4850 4852
4253 2 4851 4853
4254 2 4852 4854
4255 2 4853 4855
4256 2 4854 4856
4257 2 4855 4857
4258 2 4856 4858
4259 2 4857 4859
4260 2 4858 4860
4261 2 4859 4861
4262 2 4860 4862
4263 2 4861 4863
4264 2 4862 4864
4265 2 4863 4865
4266 2 4864 4866
4267 2 4865 4867
4268 2 4866 4868
4269 2 4867 4869
4270 2 4868 4870
4271 2 4869 4871
4272 2 4870 4872
4273 2 4871 4873
4274 2 4872 4874
4275 2 4873 4875
4276 2 4874 4876
4277 2 4875 4877
4278 2 4876 4878
4279 2 4877 4879
4280 2 4878 4880
4281 2 4879 4881
4282 2 4880 4882
4283 2 4881 4883
4284 2 4882 4884
4285 2 4883 4885
4286 2 4884 4886
4287 2 4885 4887
4288 2 4886 4888
4289 2 4887 4889
4290 2 4888 4890
4291 2 4889 4891
4292 2 4890 4892
4293 2 4891 4893
4294 2 4892 4894
4295 2 4893 4895
4296 2 4894 4896
4297 2 4895 4897
4298 2 4896 4898
4299 2 4897 4899
4300 2 4898 4900
4301 2 4899 4901
4302 2 4900 4902
4303 2 4901 4903
4304 2 4902 4904
4305 2 4903 4905
4306 2 4904 4906
4307 2 4905 4907
4308 2 4906 4908
4309 2 4907 4909
4310 2 4908 4910
4311 2 4909 4911
4312 2 4910 4912
4313 2 4911 4913
4314 2 4912 4914
4315 2 4913 4915
4316 2 4914 4916
4317 2 4915 4917
4318 2 4916 4918
4319 2 4917 4919
4320 2 4918 4920
4321 2 4919 4921
4322 2 4920 4922
4323 2 4921 4923
4324 2 4922 4924
4325 2 4923 4925
4326 2 4924 4926
4327 2 4925 4927
4328 2 4926 4928
4329 2 4927 4929
4330 2 4928 4930
4331 2 4929 4931
4332 2 4930 4932
4333 2 4931 4933
4334 2 4932 4934
4335 2 4933 4935
4336 2 4934 4936
4337 2 4935 4937
4338 2 4936 4938
4339 2 4937 4939
4340 2 4938 4940
4341 2 4939 4941
4342 2 4940 4942
4343 2 4941 4943
4344 2 4942 4944
4345 2 4943 4945
4346 2 4944 4946
4347 2 4945 4947
4348 2 4946 4948
4349 2 4947 4949
4350 2 4948 4950
4351 2 4949 4951
4352 2 4950 4952
4353 2 4951 4953
4354 2 4952 4954
4355 2 4953 4955
4356 2 4954 4956
4357 2 4955 4957
4358 2 4956 4958
4359 2 4957 4959
4360 2 4958 4960
4361 2 4959 4961
4362 2 4960 4962
4363 2 4961 4963
4364 2 4962 4964
4365 2 4963 4965
4366 2 4964 4966
4367 2 4965 4967
4368 2 4966 4968
4369 2 4967 4969
4370 2 4968 4970
4371 2 4969 4971
4372 2 4970 4972
4373 2 4971 4973
4374 2 4972 4974
4375 2 4973 4975
4376 2 4974 4976
4377 2 4975 4977
4378 2 4976 4978
4379 2 4977 4979
4380 2 4978 4980
4381 2 4979 4981
4382 2 4980 4982
4383 2 4981 4983
4384 2 4982 4984
4385 2 4983 4985
4386 2 4984 4986
4387 2 4985 4987
4388 2 4986 4988
4389 2 4987 4989
4390 2 4988 4990
4391 2 4989 4991
4392 2 4990 4992
4393 2 4991 4993
4394 2 4992 4994
4395 2 4993 4995
4396 2 4994 4996
4397 2 4995 4997
4398 2 4996 4998
4399 2 4997 4999
4400 2 4998 5000
